kim;Name;0;0;0;1;0;0;3;3;0;0;0;3;1;2;0;0;0;0;0;0;0;0;0;0;0
jacquelyn;Name;0;0;0;1;0;0;9;9;0;0;0;9;3;6;0;0;0;0;0;0;0;0;0;0;0
nicholas;Name;0;0;0;1;0;0;8;8;0;0;0;8;3;5;0;0;0;0;0;0;0;0;0;0;0
maxwell;Name;0;0;0;1;0;0;7;6;0;0;0;7;2;5;0;0;0;0;0;0;0;0;0;0;1
margarita;Name;1;0;0;1;0;0;9;6;0;0;0;9;4;5;0;0;0;0;0;0;0;0;0;0;0
travis;Name;0;0;0;1;0;0;6;6;0;0;0;6;2;4;0;0;0;0;0;0;0;0;0;0;0
ricardo;Name;1;0;0;1;0;0;7;6;0;0;0;7;3;4;0;0;0;0;0;0;0;0;0;0;0
tyree;Name;1;0;0;1;0;0;5;4;0;0;0;5;2;3;0;0;0;0;0;0;0;0;0;0;0
tammara;Name;1;0;0;1;0;0;7;4;0;0;0;7;3;4;0;0;0;0;0;0;0;0;0;0;0
nery;Name;0;0;0;1;0;0;4;4;0;0;0;4;1;3;0;0;0;0;0;0;0;0;0;0;0
ellena;Name;1;1;0;1;0;0;6;4;0;0;0;6;3;3;0;0;0;0;0;0;0;0;0;0;0
lavelle;Name;1;0;0;1;0;0;7;4;0;0;0;7;3;4;0;0;0;0;0;0;0;0;0;0;0
carroll;Name;0;0;0;1;0;0;7;5;0;0;0;7;2;5;0;0;0;0;0;0;0;0;0;0;0
val;Name;0;0;0;1;0;0;3;3;0;0;0;3;1;2;0;0;0;0;0;0;0;0;0;0;0
nichelle;Name;1;0;0;1;0;0;8;6;0;0;0;8;3;5;0;0;0;0;0;0;0;0;0;0;0
rico;Name;1;0;0;1;0;0;4;4;0;0;0;4;2;2;0;0;0;0;0;0;0;0;0;0;0
seema;Name;1;0;0;1;0;0;5;4;0;0;0;5;3;2;0;0;0;0;0;0;0;0;0;0;0
ira;Name;1;1;0;1;0;0;3;3;0;0;0;3;2;1;0;0;0;0;0;0;0;0;0;0;0
elli;Name;1;1;0;1;0;0;4;3;0;0;0;4;2;2;0;0;0;0;0;0;0;0;0;0;0
ula;Name;1;1;0;1;0;0;3;3;0;0;0;3;2;1;0;0;0;0;0;0;0;0;0;0;0
mikaela;Name;1;0;0;1;0;0;7;6;0;0;0;7;4;3;0;0;0;0;0;0;0;0;0;0;0
guillermo;Name;1;0;0;1;0;0;9;8;0;0;0;9;4;5;0;0;0;0;0;0;0;0;0;0;0
tajuana;Name;1;0;0;1;0;0;7;5;0;0;0;7;4;3;0;0;0;0;0;0;0;0;0;0;0
deon;Name;0;0;0;1;0;0;4;4;0;0;0;4;2;2;0;0;0;0;0;0;0;0;0;0;0
orville;Name;1;1;0;1;0;0;7;6;0;0;0;7;3;4;0;0;0;0;0;0;0;0;0;0;0
kelvin;Name;0;0;0;1;0;0;6;6;0;0;0;6;2;4;0;0;0;0;0;0;0;0;0;0;0
angelena;Name;1;1;0;1;0;0;8;5;0;0;0;8;4;4;0;0;0;0;0;0;0;0;0;0;0
cameron;Name;0;0;0;1;0;0;7;7;0;0;0;7;3;4;0;0;0;0;0;0;0;0;0;0;0
cory;Name;0;0;0;1;0;0;4;4;0;0;0;4;1;3;0;0;0;0;0;0;0;0;0;0;0
stephen;Name;0;0;0;1;0;0;7;6;0;0;0;7;2;5;0;0;0;0;0;0;0;0;0;0;0
joshua;Name;1;0;0;1;0;0;6;6;0;0;0;6;3;3;0;0;0;0;0;0;0;0;0;0;0
hilma;Name;1;0;0;1;0;0;5;5;0;0;0;5;2;3;0;0;0;0;0;0;0;0;0;0;0
toney;Name;0;0;0;1;0;0;5;5;0;0;0;5;2;3;0;0;0;0;0;0;0;0;0;0;0
wade;Name;1;0;0;1;0;0;4;4;0;0;0;4;2;2;0;0;0;0;0;0;0;0;0;0;0
elizbeth;Name;0;1;0;1;0;0;8;7;0;0;0;8;3;5;0;0;0;0;0;0;0;0;0;0;0
demetrius;Name;0;0;0;1;0;0;9;8;0;0;0;9;4;5;0;0;0;0;0;0;0;0;0;0;0
raymonde;Name;1;0;0;1;0;0;8;8;0;0;0;8;3;5;0;0;0;0;0;0;0;0;0;0;0
ozell;Name;0;1;0;1;0;0;5;4;0;0;0;5;2;3;0;0;0;0;0;0;0;0;0;0;0
giovanni;Name;1;0;0;1;0;0;8;6;0;0;0;8;4;4;0;0;0;0;0;0;0;0;0;0;0
bryan;Name;0;0;0;1;0;0;5;5;0;0;0;5;1;4;0;0;0;0;0;0;0;0;0;0;0
mauro;Name;1;0;0;1;0;0;5;5;0;0;0;5;3;2;0;0;0;0;0;0;0;0;0;0;0
rosendo;Name;1;0;0;1;0;0;7;6;0;0;0;7;3;4;0;0;0;0;0;0;0;0;0;0;0
edward;Name;0;1;0;1;0;0;6;5;0;0;0;6;2;4;0;0;0;0;0;0;0;0;0;0;0
sherika;Name;1;0;0;1;0;0;7;7;0;0;0;7;3;4;0;0;0;0;0;0;0;0;0;0;0
carmine;Name;1;0;0;1;0;0;7;7;0;0;0;7;3;4;0;0;0;0;0;0;0;0;0;0;0
colton;Name;0;0;0;1;0;0;6;5;0;0;0;6;2;4;0;0;0;0;0;0;0;0;0;0;0
thomas;Name;0;0;0;1;0;0;6;6;0;0;0;6;2;4;0;0;0;0;0;0;0;0;0;0;0
burt;Name;0;0;0;1;0;0;4;4;0;0;0;4;1;3;0;0;0;0;0;0;0;0;0;0;0
gertrud;Name;0;0;0;1;0;0;7;6;0;0;0;7;2;5;0;0;0;0;0;0;0;0;0;0;0
martin;Name;0;0;0;1;0;0;6;6;0;0;0;6;2;4;0;0;0;0;0;0;0;0;0;0;0
mohamed;Name;0;0;0;1;0;0;7;6;0;0;0;7;3;4;0;0;0;0;0;0;0;0;0;0;0
claudio;Name;1;0;0;1;0;0;7;7;0;0;0;7;4;3;0;0;0;0;0;0;0;0;0;0;0
jermaine;Name;1;0;0;1;0;0;8;7;0;0;0;8;4;4;0;0;0;0;0;0;0;0;0;0;0
marlin;Name;0;0;0;1;0;0;6;6;0;0;0;6;2;4;0;0;0;0;0;0;0;0;0;0;0
emmanuel;Name;0;1;0;1;0;0;8;6;0;0;0;8;4;4;0;0;0;0;0;0;0;0;0;0;0
annabelle;Name;1;1;0;1;0;0;9;5;0;0;0;9;4;5;0;0;0;0;0;0;0;0;0;0;0
jackelyn;Name;0;0;0;1;0;0;8;8;0;0;0;8;2;6;0;0;0;0;0;0;0;0;0;0;0
harry;Name;0;0;0;1;0;0;5;4;0;0;0;5;1;4;0;0;0;0;0;0;0;0;0;0;0
vikki;Name;1;0;0;1;0;0;5;3;0;0;0;5;2;3;0;0;0;0;0;0;0;0;0;0;0
kraig;Name;0;0;0;1;0;0;5;5;0;0;0;5;2;3;0;0;0;0;0;0;0;0;0;0;0
leatha;Name;1;0;0;1;0;0;6;5;0;0;0;6;3;3;0;0;0;0;0;0;0;0;0;0;0
lissette;Name;1;0;0;1;0;0;8;5;0;0;0;8;3;5;0;0;0;0;0;0;0;0;0;0;0
carl;Name;0;0;0;1;0;0;4;4;0;0;0;4;1;3;0;0;0;0;0;0;0;0;0;0;0
jules;Name;0;0;0;1;0;0;5;5;0;0;0;5;2;3;0;0;0;0;0;0;0;0;0;0;0
shane;Name;1;0;0;1;0;0;5;5;0;0;0;5;2;3;0;0;0;0;0;0;0;0;0;0;0
meg;Name;0;0;0;1;0;0;3;3;0;0;0;3;1;2;0;0;0;0;0;0;0;0;0;0;0
ligia;Name;1;0;0;1;0;0;5;4;0;0;0;5;3;2;0;0;0;0;0;0;0;0;0;0;0
adam;Name;0;1;0;1;0;0;4;3;0;0;0;4;2;2;0;0;0;0;0;0;0;0;0;0;0
cesar;Name;0;0;0;1;0;0;5;5;0;0;0;5;2;3;0;0;0;0;0;0;0;0;0;0;0
emil;Name;0;1;0;1;0;0;4;4;0;0;0;4;2;2;0;0;0;0;0;0;0;0;0;0;0
walter;Name;0;0;0;1;0;0;6;6;0;0;0;6;2;4;0;0;0;0;0;0;0;0;0;0;0
muoi;Name;1;0;0;1;0;0;4;4;0;0;0;4;3;1;0;0;0;0;0;0;0;0;0;0;0
aimee;Name;1;1;0;1;0;0;5;4;0;0;0;5;4;1;0;0;0;0;0;0;0;0;0;0;0
rhea;Name;1;0;0;1;0;0;4;4;0;0;0;4;2;2;0;0;0;0;0;0;0;0;0;0;0
lorie;Name;1;0;0;1;0;0;5;5;0;0;0;5;3;2;0;0;0;0;0;0;0;0;0;0;0
everett;Name;0;1;0;1;0;0;7;4;0;0;0;7;3;4;0;0;0;0;0;0;0;0;0;0;0
brice;Name;1;0;0;1;0;0;5;5;0;0;0;5;2;3;0;0;0;0;0;0;0;0;0;0;0
ed;Name;0;1;0;1;0;0;2;2;0;0;0;2;1;1;0;0;0;0;0;0;0;0;0;0;0
hana;Name;1;0;0;1;0;0;4;3;0;0;0;4;2;2;0;0;0;0;0;0;0;0;0;0;0
javier;Name;0;0;0;1;0;0;6;6;0;0;0;6;3;3;0;0;0;0;0;0;0;0;0;0;0
latina;Name;1;0;0;1;0;0;6;5;0;0;0;6;3;3;0;0;0;0;0;0;0;0;0;0;0
sang;Name;0;0;0;1;0;0;4;4;0;0;0;4;1;3;0;0;0;0;0;0;0;0;0;0;0
mervin;Name;0;0;0;1;0;0;6;6;0;0;0;6;2;4;0;0;0;0;0;0;0;0;0;0;0
jerold;Name;0;0;0;1;0;0;6;6;0;0;0;6;2;4;0;0;0;0;0;0;0;0;0;0;0
georgianna;Name;1;0;0;1;0;0;10;7;0;0;0;10;5;5;0;0;0;0;0;0;0;0;0;0;0
robena;Name;1;0;0;1;0;0;6;6;0;0;0;6;3;3;0;0;0;0;0;0;0;0;0;0;0
carri;Name;1;0;0;1;0;0;5;4;0;0;0;5;2;3;0;0;0;0;0;0;0;0;0;0;0
faustino;Name;1;0;0;1;0;0;8;8;0;0;0;8;4;4;0;0;0;0;0;0;0;0;0;0;0
augustine;Name;1;1;0;1;0;0;9;8;0;0;0;9;5;4;0;0;0;0;0;0;0;0;0;0;0
dan;Name;0;0;0;1;0;0;3;3;0;0;0;3;1;2;0;0;0;0;0;0;0;0;0;0;0
earnest;Name;0;1;0;1;0;0;7;6;0;0;0;7;3;4;0;0;0;0;0;0;0;0;0;0;0
lacy;Name;0;0;0;1;0;0;4;4;0;0;0;4;1;3;0;0;0;0;0;0;0;0;0;0;0
rigoberto;Name;1;0;0;1;0;0;9;7;0;0;0;9;4;5;0;0;0;0;0;0;0;0;0;0;0
season;Name;0;0;0;1;0;0;6;5;0;0;0;6;3;3;0;0;0;0;0;0;0;0;0;0;0
jerrold;Name;0;0;0;1;0;0;7;6;0;0;0;7;2;5;0;0;0;0;0;0;0;0;0;0;0
berry;Name;0;0;0;1;0;0;5;4;0;0;0;5;1;4;0;0;0;0;0;0;0;0;0;0;0
ivan;Name;0;1;0;1;0;0;4;4;0;0;0;4;2;2;0;0;0;0;0;0;0;0;0;0;0
deeann;Name;0;0;0;1;0;0;6;4;0;0;0;6;3;3;0;0;0;0;0;0;0;0;0;0;0
valeria;Name;1;0;0;1;0;0;7;6;0;0;0;7;4;3;0;0;0;0;0;0;0;0;0;0;0
courtney;Name;0;0;0;1;0;0;8;8;0;0;0;8;3;5;0;0;0;0;0;0;0;0;0;0;0
tish;Name;0;0;0;1;0;0;4;4;0;0;0;4;1;3;0;0;0;0;0;0;0;0;0;0;0
dawna;Name;1;0;0;1;0;0;5;4;0;0;0;5;2;3;0;0;0;0;0;0;0;0;0;0;0
lala;Name;1;0;0;1;0;0;4;2;0;0;0;4;2;2;0;0;0;0;0;0;0;0;0;0;0
jesse;Name;1;0;0;1;0;0;5;3;0;0;0;5;2;3;0;0;0;0;0;0;0;0;0;0;0
willis;Name;0;0;0;1;0;0;6;4;0;0;0;6;2;4;0;0;0;0;0;0;0;0;0;0;0
felicitas;Name;0;0;0;1;0;0;9;8;0;0;0;9;4;5;0;0;0;0;0;0;0;0;0;0;0
dominic;Name;0;0;0;1;0;0;7;6;0;0;0;7;3;4;0;0;0;0;0;0;0;0;0;0;0
ahmad;Name;0;1;0;1;0;0;5;4;0;0;0;5;2;3;0;0;0;0;0;0;0;0;0;0;0
merrilee;Name;1;0;0;1;0;0;8;5;0;0;0;8;4;4;0;0;0;0;0;0;0;0;0;0;0
bernardo;Name;1;0;0;1;0;0;8;7;0;0;0;8;3;5;0;0;0;0;0;0;0;0;0;0;0
buck;Name;0;0;0;1;0;0;4;4;0;0;0;4;1;3;0;0;0;0;0;0;0;0;0;0;0
young;Name;0;0;0;1;0;0;5;5;0;0;0;5;2;3;0;0;0;0;0;0;0;0;0;0;0
markus;Name;0;0;0;1;0;0;6;6;0;0;0;6;2;4;0;0;0;0;0;0;0;0;0;0;0
tiffany;Name;0;0;0;1;0;0;7;6;0;0;0;7;2;5;0;0;0;0;0;0;0;0;0;0;0
ilda;Name;1;1;0;1;0;0;4;4;0;0;0;4;2;2;0;0;0;0;0;0;0;0;0;0;0
chelsey;Name;0;0;0;1;0;0;7;6;0;0;0;7;2;5;0;0;0;0;0;0;0;0;0;0;0
vanesa;Name;1;0;0;1;0;0;6;5;0;0;0;6;3;3;0;0;0;0;0;0;0;0;0;0;0
katelynn;Name;0;0;0;1;0;0;8;7;0;0;0;8;2;6;0;0;0;0;0;0;0;0;0;0;0
eddy;Name;0;1;0;1;0;0;4;3;0;0;0;4;1;3;0;0;0;0;0;0;0;0;0;0;0
ozie;Name;1;1;0;1;0;0;4;4;0;0;0;4;3;1;0;0;0;0;0;0;0;0;0;0;0
rufina;Name;1;0;0;1;0;0;6;6;0;0;0;6;3;3;0;0;0;0;0;0;0;0;0;0;0
dixie;Name;1;0;0;1;0;0;5;4;0;0;0;5;3;2;0;0;0;0;0;0;0;0;0;0;1
larue;Name;1;0;0;1;0;0;5;5;0;0;0;5;3;2;0;0;0;0;0;0;0;0;0;0;0
curt;Name;0;0;0;1;0;0;4;4;0;0;0;4;1;3;0;0;0;0;0;0;0;0;0;0;0
harold;Name;0;0;0;1;0;0;6;6;0;0;0;6;2;4;0;0;0;0;0;0;0;0;0;0;0
verda;Name;1;0;0;1;0;0;5;5;0;0;0;5;2;3;0;0;0;0;0;0;0;0;0;0;0
ivory;Name;0;1;0;1;0;0;5;5;0;0;0;5;2;3;0;0;0;0;0;0;0;0;0;0;0
audie;Name;1;1;0;1;0;0;5;5;0;0;0;5;4;1;0;0;0;0;0;0;0;0;0;0;0
jerry;Name;0;0;0;1;0;0;5;4;0;0;0;5;1;4;0;0;0;0;0;0;0;0;0;0;0
floy;Name;0;0;0;1;0;0;4;4;0;0;0;4;1;3;0;0;0;0;0;0;0;0;0;0;0
aleen;Name;0;1;0;1;0;0;5;4;0;0;0;5;3;2;0;0;0;0;0;0;0;0;0;0;0
hazel;Name;0;0;0;1;0;0;5;5;0;0;0;5;2;3;0;0;0;0;0;0;0;0;0;0;0
ruthann;Name;0;0;0;1;0;0;7;6;0;0;0;7;2;5;0;0;0;0;0;0;0;0;0;0;0
austin;Name;0;1;0;1;0;0;6;6;0;0;0;6;3;3;0;0;0;0;0;0;0;0;0;0;0
jackqueline;Name;1;0;0;1;0;0;11;10;0;0;0;11;5;6;0;0;0;0;0;0;0;0;0;0;0
concepcion;Name;0;0;0;1;0;0;10;6;0;0;0;10;4;6;0;0;0;0;0;0;0;0;0;0;0
mack;Name;0;0;0;1;0;0;4;4;0;0;0;4;1;3;0;0;0;0;0;0;0;0;0;0;0
kaila;Name;1;0;0;1;0;0;5;4;0;0;0;5;3;2;0;0;0;0;0;0;0;0;0;0;0
geri;Name;1;0;0;1;0;0;4;4;0;0;0;4;2;2;0;0;0;0;0;0;0;0;0;0;0
sharie;Name;1;0;0;1;0;0;6;6;0;0;0;6;3;3;0;0;0;0;0;0;0;0;0;0;0
jame;Name;1;0;0;1;0;0;4;4;0;0;0;4;2;2;0;0;0;0;0;0;0;0;0;0;0
lucrecia;Name;1;0;0;1;0;0;8;7;0;0;0;8;4;4;0;0;0;0;0;0;0;0;0;0;0
tuyet;Name;0;0;0;1;0;0;5;4;0;0;0;5;2;3;0;0;0;0;0;0;0;0;0;0;0
gwen;Name;0;0;0;1;0;0;4;4;0;0;0;4;1;3;0;0;0;0;0;0;0;0;0;0;0
madeline;Name;1;0;0;1;0;0;8;7;0;0;0;8;4;4;0;0;0;0;0;0;0;0;0;0;0
kay;Name;0;0;0;1;0;0;3;3;0;0;0;3;1;2;0;0;0;0;0;0;0;0;0;0;0
neville;Name;1;0;0;1;0;0;7;5;0;0;0;7;3;4;0;0;0;0;0;0;0;0;0;0;0
jake;Name;1;0;0;1;0;0;4;4;0;0;0;4;2;2;0;0;0;0;0;0;0;0;0;0;0
berta;Name;1;0;0;1;0;0;5;5;0;0;0;5;2;3;0;0;0;0;0;0;0;0;0;0;0
nathan;Name;0;0;0;1;0;0;6;4;0;0;0;6;2;4;0;0;0;0;0;0;0;0;0;0;0
melanie;Name;1;0;0;1;0;0;7;6;0;0;0;7;4;3;0;0;0;0;0;0;0;0;0;0;0
elke;Name;1;1;0;1;0;0;4;3;0;0;0;4;2;2;0;0;0;0;0;0;0;0;0;0;0
major;Name;0;0;0;1;0;0;5;5;0;0;0;5;2;3;0;0;0;0;0;0;0;0;0;0;0
nathanial;Name;0;0;0;1;0;0;9;6;0;0;0;9;4;5;0;0;0;0;0;0;0;0;0;0;0
sonny;Name;0;0;0;1;0;0;5;4;0;0;0;5;1;4;0;0;0;0;0;0;0;0;0;0;0
rossana;Name;1;0;0;1;0;0;7;5;0;0;0;7;3;4;0;0;0;0;0;0;0;0;0;0;0
marshall;Name;0;0;0;1;0;0;8;6;0;0;0;8;2;6;0;0;0;0;0;0;0;0;0;0;0
kristofer;Name;0;0;0;1;0;0;9;8;0;0;0;9;3;6;0;0;0;0;0;0;0;0;0;0;0
nyla;Name;1;0;0;1;0;0;4;4;0;0;0;4;1;3;0;0;0;0;0;0;0;0;0;0;0
denese;Name;1;0;0;1;0;0;6;4;0;0;0;6;3;3;0;0;0;0;0;0;0;0;0;0;0
kathaleen;Name;0;0;0;1;0;0;9;7;0;0;0;9;4;5;0;0;0;0;0;0;0;0;0;0;0
darin;Name;0;0;0;1;0;0;5;5;0;0;0;5;2;3;0;0;0;0;0;0;0;0;0;0;0
florentino;Name;1;0;0;1;0;0;10;8;0;0;0;10;4;6;0;0;0;0;0;0;0;0;0;0;0
lizzette;Name;1;0;0;1;0;0;8;5;0;0;0;8;3;5;0;0;0;0;0;0;0;0;0;0;0
salvatore;Name;1;0;0;1;0;0;9;8;0;0;0;9;4;5;0;0;0;0;0;0;0;0;0;0;0
dana;Name;1;0;0;1;0;0;4;3;0;0;0;4;2;2;0;0;0;0;0;0;0;0;0;0;0
sheridan;Name;0;0;0;1;0;0;8;8;0;0;0;8;3;5;0;0;0;0;0;0;0;0;0;0;0
vincent;Name;0;0;0;1;0;0;7;6;0;0;0;7;2;5;0;0;0;0;0;0;0;0;0;0;0
joe;Name;1;0;0;1;0;0;3;3;0;0;0;3;2;1;0;0;0;0;0;0;0;0;0;0;0
marcos;Name;0;0;0;1;0;0;6;6;0;0;0;6;2;4;0;0;0;0;0;0;0;0;0;0;0
candida;Name;1;0;0;1;0;0;7;5;0;0;0;7;3;4;0;0;0;0;0;0;0;0;0;0;0
shemika;Name;1;0;0;1;0;0;7;7;0;0;0;7;3;4;0;0;0;0;0;0;0;0;0;0;0
rebecca;Name;1;0;0;1;0;0;7;5;0;0;0;7;3;4;0;0;0;0;0;0;0;0;0;0;0
alex;Name;0;1;0;1;0;0;4;4;0;0;0;4;2;2;0;0;0;0;0;0;0;0;0;0;1
betty;Name;0;0;0;1;0;0;5;4;0;0;0;5;1;4;0;0;0;0;0;0;0;0;0;0;0
alayna;Name;1;1;0;1;0;0;6;4;0;0;0;6;3;3;0;0;0;0;0;0;0;0;0;0;0
candy;Name;0;0;0;1;0;0;5;5;0;0;0;5;1;4;0;0;0;0;0;0;0;0;0;0;0
ashley;Name;0;1;0;1;0;0;6;6;0;0;0;6;2;4;0;0;0;0;0;0;0;0;0;0;0
ronnie;Name;1;0;0;1;0;0;6;5;0;0;0;6;3;3;0;0;0;0;0;0;0;0;0;0;0
willow;Name;0;0;0;1;0;0;6;4;0;0;0;6;2;4;0;0;0;0;0;0;0;0;0;0;0
bobby;Name;0;0;0;1;0;0;5;3;0;0;0;5;1;4;0;0;0;0;0;0;0;0;0;0;0
augustus;Name;0;1;0;1;0;0;8;5;0;0;0;8;4;4;0;0;0;0;0;0;0;0;0;0;0
michael;Name;0;0;0;1;0;0;7;7;0;0;0;7;3;4;0;0;0;0;0;0;0;0;0;0;0
alec;Name;0;1;0;1;0;0;4;4;0;0;0;4;2;2;0;0;0;0;0;0;0;0;0;0;0
cornell;Name;0;0;0;1;0;0;7;6;0;0;0;7;2;5;0;0;0;0;0;0;0;0;0;0;0
guadalupe;Name;1;0;0;1;0;0;9;7;0;0;0;9;5;4;0;0;0;0;0;0;0;0;0;0;0
tobias;Name;0;0;0;1;0;0;6;6;0;0;0;6;3;3;0;0;0;0;0;0;0;0;0;0;0
rocco;Name;1;0;0;1;0;0;5;3;0;0;0;5;2;3;0;0;0;0;0;0;0;0;0;0;0
dexter;Name;0;0;0;1;0;0;6;5;0;0;0;6;2;4;0;0;0;0;0;0;0;0;0;0;1
lyda;Name;1;0;0;1;0;0;4;4;0;0;0;4;1;3;0;0;0;0;0;0;0;0;0;0;0
sara;Name;1;0;0;1;0;0;4;3;0;0;0;4;2;2;0;0;0;0;0;0;0;0;0;0;0
dean;Name;0;0;0;1;0;0;4;4;0;0;0;4;2;2;0;0;0;0;0;0;0;0;0;0;0
abdul;Name;0;1;0;1;0;0;5;5;0;0;0;5;2;3;0;0;0;0;0;0;0;0;0;0;0
hector;Name;0;0;0;1;0;0;6;6;0;0;0;6;2;4;0;0;0;0;0;0;0;0;0;0;0
lonnie;Name;1;0;0;1;0;0;6;5;0;0;0;6;3;3;0;0;0;0;0;0;0;0;0;0;0
fernando;Name;1;0;0;1;0;0;8;7;0;0;0;8;3;5;0;0;0;0;0;0;0;0;0;0;0
dorla;Name;1;0;0;1;0;0;5;5;0;0;0;5;2;3;0;0;0;0;0;0;0;0;0;0;0
akilah;Name;0;1;0;1;0;0;6;5;0;0;0;6;3;3;0;0;0;0;0;0;0;0;0;0;0
pasquale;Name;1;0;0;1;0;0;8;7;0;0;0;8;4;4;0;0;0;0;0;0;0;0;0;0;0
patrick;Name;0;0;0;1;0;0;7;7;0;0;0;7;2;5;0;0;0;0;0;0;0;0;0;0;0
isadora;Name;1;1;0;1;0;0;7;6;0;0;0;7;4;3;0;0;0;0;0;0;0;0;0;0;0
deandre;Name;1;0;0;1;0;0;7;5;0;0;0;7;3;4;0;0;0;0;0;0;0;0;0;0;0
rochelle;Name;1;0;0;1;0;0;8;6;0;0;0;8;3;5;0;0;0;0;0;0;0;0;0;0;0
lesha;Name;1;0;0;1;0;0;5;5;0;0;0;5;2;3;0;0;0;0;0;0;0;0;0;0;0
adena;Name;1;1;0;1;0;0;5;4;0;0;0;5;3;2;0;0;0;0;0;0;0;0;0;0;0
maurine;Name;1;0;0;1;0;0;7;7;0;0;0;7;4;3;0;0;0;0;0;0;0;0;0;0;0
mariette;Name;1;0;0;1;0;0;8;6;0;0;0;8;4;4;0;0;0;0;0;0;0;0;0;0;0
sherlene;Name;1;0;0;1;0;0;8;6;0;0;0;8;3;5;0;0;0;0;0;0;0;0;0;0;0
kary;Name;0;0;0;1;0;0;4;4;0;0;0;4;1;3;0;0;0;0;0;0;0;0;0;0;0
luther;Name;0;0;0;1;0;0;6;6;0;0;0;6;2;4;0;0;0;0;0;0;0;0;0;0;0
percy;Name;0;0;0;1;0;0;5;5;0;0;0;5;1;4;0;0;0;0;0;0;0;0;0;0;0
loida;Name;1;0;0;1;0;0;5;5;0;0;0;5;3;2;0;0;0;0;0;0;0;0;0;0;0
eda;Name;1;1;0;1;0;0;3;3;0;0;0;3;2;1;0;0;0;0;0;0;0;0;0;0;0
bella;Name;1;0;0;1;0;0;5;4;0;0;0;5;2;3;0;0;0;0;0;0;0;0;0;0;0
mardell;Name;0;0;0;1;0;0;7;6;0;0;0;7;2;5;0;0;0;0;0;0;0;0;0;0;0
merlin;Name;0;0;0;1;0;0;6;6;0;0;0;6;2;4;0;0;0;0;0;0;0;0;0;0;0
miquel;Name;0;0;0;1;0;0;6;6;0;0;0;6;3;3;0;0;0;0;0;0;0;0;0;0;0
soila;Name;1;0;0;1;0;0;5;5;0;0;0;5;3;2;0;0;0;0;0;0;0;0;0;0;0
samuel;Name;0;0;0;1;0;0;6;6;0;0;0;6;3;3;0;0;0;0;0;0;0;0;0;0;0
claud;Name;0;0;0;1;0;0;5;5;0;0;0;5;2;3;0;0;0;0;0;0;0;0;0;0;0
dwayne;Name;1;0;0;1;0;0;6;6;0;0;0;6;2;4;0;0;0;0;0;0;0;0;0;0;0
tawnya;Name;1;0;0;1;0;0;6;5;0;0;0;6;2;4;0;0;0;0;0;0;0;0;0;0;0
yanira;Name;1;0;0;1;0;0;6;5;0;0;0;6;3;3;0;0;0;0;0;0;0;0;0;0;0
jerome;Name;1;0;0;1;0;0;6;5;0;0;0;6;3;3;0;0;0;0;0;0;0;0;0;0;0
ellsworth;Name;0;1;0;1;0;0;9;8;0;0;0;9;2;7;0;0;0;0;0;0;0;0;0;0;0
veronika;Name;1;0;0;1;0;0;8;8;0;0;0;8;4;4;0;0;0;0;0;0;0;0;0;0;0
jimmy;Name;0;0;0;1;0;0;5;4;0;0;0;5;1;4;0;0;0;0;0;0;0;0;0;0;0
dirk;Name;0;0;0;1;0;0;4;4;0;0;0;4;1;3;0;0;0;0;0;0;0;0;0;0;0
ezra;Name;1;1;0;1;0;0;4;4;0;0;0;4;2;2;0;0;0;0;0;0;0;0;0;0;0
katharine;Name;1;0;0;1;0;0;9;8;0;0;0;9;4;5;0;0;0;0;0;0;0;0;0;0;0
lorean;Name;0;0;0;1;0;0;6;6;0;0;0;6;3;3;0;0;0;0;0;0;0;0;0;0;0
mickey;Name;0;0;0;1;0;0;6;6;0;0;0;6;2;4;0;0;0;0;0;0;0;0;0;0;0
chad;Name;0;0;0;1;0;0;4;4;0;0;0;4;1;3;0;0;0;0;0;0;0;0;0;0;0
earle;Name;1;1;0;1;0;0;5;4;0;0;0;5;3;2;0;0;0;0;0;0;0;0;0;0;0
ralph;Name;0;0;0;1;0;0;5;5;0;0;0;5;1;4;0;0;0;0;0;0;0;0;0;0;0
shanice;Name;1;0;0;1;0;0;7;7;0;0;0;7;3;4;0;0;0;0;0;0;0;0;0;0;0
nestor;Name;0;0;0;1;0;0;6;6;0;0;0;6;2;4;0;0;0;0;0;0;0;0;0;0;0
arthur;Name;0;1;0;1;0;0;6;5;0;0;0;6;2;4;0;0;0;0;0;0;0;0;0;0;0
stacy;Name;0;0;0;1;0;0;5;5;0;0;0;5;1;4;0;0;0;0;0;0;0;0;0;0;0
cruz;Name;0;0;0;1;0;0;4;4;0;0;0;4;1;3;0;0;0;0;0;0;0;0;0;0;0
eusebio;Name;1;1;0;1;0;0;7;6;0;0;0;7;5;2;0;0;0;0;0;0;0;0;0;0;0
tonette;Name;1;0;0;1;0;0;7;4;0;0;0;7;3;4;0;0;0;0;0;0;0;0;0;0;0
emanuel;Name;0;1;0;1;0;0;7;6;0;0;0;7;4;3;0;0;0;0;0;0;0;0;0;0;0
tony;Name;0;0;0;1;0;0;4;4;0;0;0;4;1;3;0;0;0;0;0;0;0;0;0;0;0
jose;Name;1;0;0;1;0;0;4;4;0;0;0;4;2;2;0;0;0;0;0;0;0;0;0;0;0
felix;Name;0;0;0;1;0;0;5;5;0;0;0;5;2;3;0;0;0;0;0;0;0;0;0;0;1
lovella;Name;1;0;0;1;0;0;7;5;0;0;0;7;3;4;0;0;0;0;0;0;0;0;0;0;0
corrinne;Name;1;0;0;1;0;0;8;6;0;0;0;8;3;5;0;0;0;0;0;0;0;0;0;0;0
reed;Name;0;0;0;1;0;0;4;3;0;0;0;4;2;2;0;0;0;0;0;0;0;0;0;0;0
alfonzo;Name;1;1;0;1;0;0;7;6;0;0;0;7;3;4;0;0;0;0;0;0;0;0;0;0;0
herman;Name;0;0;0;1;0;0;6;6;0;0;0;6;2;4;0;0;0;0;0;0;0;0;0;0;0
retta;Name;1;0;0;1;0;0;5;4;0;0;0;5;2;3;0;0;0;0;0;0;0;0;0;0;0
amparo;Name;1;1;0;1;0;0;6;5;0;0;0;6;3;3;0;0;0;0;0;0;0;0;0;0;0
jerrod;Name;0;0;0;1;0;0;6;5;0;0;0;6;2;4;0;0;0;0;0;0;0;0;0;0;0
dorian;Name;0;0;0;1;0;0;6;6;0;0;0;6;3;3;0;0;0;0;0;0;0;0;0;0;0
erick;Name;0;1;0;1;0;0;5;5;0;0;0;5;2;3;0;0;0;0;0;0;0;0;0;0;0
lindsay;Name;0;0;0;1;0;0;7;7;0;0;0;7;2;5;0;0;0;0;0;0;0;0;0;0;0
winford;Name;0;0;0;1;0;0;7;7;0;0;0;7;2;5;0;0;0;0;0;0;0;0;0;0;0
zenobia;Name;1;0;0;1;0;0;7;7;0;0;0;7;4;3;0;0;0;0;0;0;0;0;0;0;0
conception;Name;0;0;0;1;0;0;10;7;0;0;0;10;4;6;0;0;0;0;0;0;0;0;0;0;0
maxima;Name;1;0;0;1;0;0;6;4;0;0;0;6;3;3;0;0;0;0;0;0;0;0;0;0;1
willette;Name;1;0;0;1;0;0;8;5;0;0;0;8;3;5;0;0;0;0;0;0;0;0;0;0;0
eufemia;Name;1;1;0;1;0;0;7;6;0;0;0;7;5;2;0;0;0;0;0;0;0;0;0;0;0
eveline;Name;1;1;0;1;0;0;7;5;0;0;0;7;4;3;0;0;0;0;0;0;0;0;0;0;0
arden;Name;0;1;0;1;0;0;5;5;0;0;0;5;2;3;0;0;0;0;0;0;0;0;0;0;0
sung;Name;0;0;0;1;0;0;4;4;0;0;0;4;1;3;0;0;0;0;0;0;0;0;0;0;0
darnell;Name;0;0;0;1;0;0;7;6;0;0;0;7;2;5;0;0;0;0;0;0;0;0;0;0;0
esmeralda;Name;1;1;0;1;0;0;9;7;0;0;0;9;4;5;0;0;0;0;0;0;0;0;0;0;0
morgan;Name;0;0;0;1;0;0;6;6;0;0;0;6;2;4;0;0;0;0;0;0;0;0;0;0;0
elvina;Name;1;1;0;1;0;0;6;6;0;0;0;6;3;3;0;0;0;0;0;0;0;0;0;0;0
hilario;Name;1;0;0;1;0;0;7;6;0;0;0;7;4;3;0;0;0;0;0;0;0;0;0;0;0
eldora;Name;1;1;0;1;0;0;6;6;0;0;0;6;3;3;0;0;0;0;0;0;0;0;0;0;0
tarra;Name;1;0;0;1;0;0;5;3;0;0;0;5;2;3;0;0;0;0;0;0;0;0;0;0;0
ethel;Name;0;1;0;1;0;0;5;4;0;0;0;5;2;3;0;0;0;0;0;0;0;0;0;0;0
jenifer;Name;0;0;0;1;0;0;7;6;0;0;0;7;3;4;0;0;0;0;0;0;0;0;0;0;0
lon;Name;0;0;0;1;0;0;3;3;0;0;0;3;1;2;0;0;0;0;0;0;0;0;0;0;0
ronny;Name;0;0;0;1;0;0;5;4;0;0;0;5;1;4;0;0;0;0;0;0;0;0;0;0;0
susana;Name;1;0;0;1;0;0;6;4;0;0;0;6;3;3;0;0;0;0;0;0;0;0;0;0;0
valentine;Name;1;0;0;1;0;0;9;7;0;0;0;9;4;5;0;0;0;0;0;0;0;0;0;0;0
ferdinand;Name;0;0;0;1;0;0;9;7;0;0;0;9;3;6;0;0;0;0;0;0;0;0;0;0;0
alan;Name;0;1;0;1;0;0;4;3;0;0;0;4;2;2;0;0;0;0;0;0;0;0;0;0;0
natosha;Name;1;0;0;1;0;0;7;6;0;0;0;7;3;4;0;0;0;0;0;0;0;0;0;0;0
enrique;Name;1;1;0;1;0;0;7;6;0;0;0;7;4;3;0;0;0;0;0;0;0;0;0;0;0
miles;Name;0;0;0;1;0;0;5;5;0;0;0;5;2;3;0;0;0;0;0;0;0;0;0;0;0
denita;Name;1;0;0;1;0;0;6;6;0;0;0;6;3;3;0;0;0;0;0;0;0;0;0;0;0
scott;Name;0;0;0;1;0;0;5;4;0;0;0;5;1;4;0;0;0;0;0;0;0;0;0;0;0
clair;Name;0;0;0;1;0;0;5;5;0;0;0;5;2;3;0;0;0;0;0;0;0;0;0;0;0
jorge;Name;1;0;0;1;0;0;5;5;0;0;0;5;2;3;0;0;0;0;0;0;0;0;0;0;0
bud;Name;0;0;0;1;0;0;3;3;0;0;0;3;1;2;0;0;0;0;0;0;0;0;0;0;0
shaun;Name;0;0;0;1;0;0;5;5;0;0;0;5;2;3;0;0;0;0;0;0;0;0;0;0;0
edgar;Name;0;1;0;1;0;0;5;5;0;0;0;5;2;3;0;0;0;0;0;0;0;0;0;0;0
conrad;Name;0;0;0;1;0;0;6;6;0;0;0;6;2;4;0;0;0;0;0;0;0;0;0;0;0
cinda;Name;1;0;0;1;0;0;5;5;0;0;0;5;2;3;0;0;0;0;0;0;0;0;0;0;0
gil;Name;0;0;0;1;0;0;3;3;0;0;0;3;1;2;0;0;0;0;0;0;0;0;0;0;0
shantel;Name;0;0;0;1;0;0;7;7;0;0;0;7;2;5;0;0;0;0;0;0;0;0;0;0;0
dale;Name;1;0;0;1;0;0;4;4;0;0;0;4;2;2;0;0;0;0;0;0;0;0;0;0;0
lenard;Name;0;0;0;1;0;0;6;6;0;0;0;6;2;4;0;0;0;0;0;0;0;0;0;0;0
lourie;Name;1;0;0;1;0;0;6;6;0;0;0;6;4;2;0;0;0;0;0;0;0;0;0;0;0
chantelle;Name;1;0;0;1;0;0;9;7;0;0;0;9;3;6;0;0;0;0;0;0;0;0;0;0;0
bert;Name;0;0;0;1;0;0;4;4;0;0;0;4;1;3;0;0;0;0;0;0;0;0;0;0;0
sachiko;Name;1;0;0;1;0;0;7;7;0;0;0;7;3;4;0;0;0;0;0;0;0;0;0;0;0
gricelda;Name;1;0;0;1;0;0;8;8;0;0;0;8;3;5;0;0;0;0;0;0;0;0;0;0;0
wilmer;Name;0;0;0;1;0;0;6;6;0;0;0;6;2;4;0;0;0;0;0;0;0;0;0;0;0
chance;Name;1;0;0;1;0;0;6;5;0;0;0;6;2;4;0;0;0;0;0;0;0;0;0;0;0
mario;Name;1;0;0;1;0;0;5;5;0;0;0;5;3;2;0;0;0;0;0;0;0;0;0;0;0
otto;Name;1;1;0;1;0;0;4;2;0;0;0;4;2;2;0;0;0;0;0;0;0;0;0;0;0
darcy;Name;0;0;0;1;0;0;5;5;0;0;0;5;1;4;0;0;0;0;0;0;0;0;0;0;0
lloyd;Name;0;0;0;1;0;0;5;4;0;0;0;5;1;4;0;0;0;0;0;0;0;0;0;0;0
alejandrina;Name;1;1;0;1;0;0;11;8;0;0;0;11;5;6;0;0;0;0;0;0;0;0;0;0;0
paul;Name;0;0;0;1;0;0;4;4;0;0;0;4;2;2;0;0;0;0;0;0;0;0;0;0;0
owen;Name;0;1;0;1;0;0;4;4;0;0;0;4;2;2;0;0;0;0;0;0;0;0;0;0;0
keith;Name;0;0;0;1;0;0;5;5;0;0;0;5;2;3;0;0;0;0;0;0;0;0;0;0;0
olen;Name;0;1;0;1;0;0;4;4;0;0;0;4;2;2;0;0;0;0;0;0;0;0;0;0;0
andres;Name;0;1;0;1;0;0;6;6;0;0;0;6;2;4;0;0;0;0;0;0;0;0;0;0;0
brain;Name;0;0;0;1;0;0;5;5;0;0;0;5;2;3;0;0;0;0;0;0;0;0;0;0;0
irvin;Name;0;1;0;1;0;0;5;4;0;0;0;5;2;3;0;0;0;0;0;0;0;0;0;0;0
tory;Name;0;0;0;1;0;0;4;4;0;0;0;4;1;3;0;0;0;0;0;0;0;0;0;0;0
hobert;Name;0;0;0;1;0;0;6;6;0;0;0;6;2;4;0;0;0;0;0;0;0;0;0;0;0
georgette;Name;1;0;0;1;0;0;9;5;0;0;0;9;4;5;0;0;0;0;0;0;0;0;0;0;0
kelly;Name;0;0;0;1;0;0;5;4;0;0;0;5;1;4;0;0;0;0;0;0;0;0;0;0;0
elfriede;Name;1;1;0;1;0;0;8;6;0;0;0;8;4;4;0;0;0;0;0;0;0;0;0;0;0
rod;Name;0;0;0;1;0;0;3;3;0;0;0;3;1;2;0;0;0;0;0;0;0;0;0;0;0
erminia;Name;1;1;0;1;0;0;7;6;0;0;0;7;4;3;0;0;0;0;0;0;0;0;0;0;0
lenore;Name;1;0;0;1;0;0;6;5;0;0;0;6;3;3;0;0;0;0;0;0;0;0;0;0;0
donovan;Name;0;0;0;1;0;0;7;5;0;0;0;7;3;4;0;0;0;0;0;0;0;0;0;0;0
necole;Name;1;0;0;1;0;0;6;5;0;0;0;6;3;3;0;0;0;0;0;0;0;0;0;0;0
tiera;Name;1;0;0;1;0;0;5;5;0;0;0;5;3;2;0;0;0;0;0;0;0;0;0;0;0
tommy;Name;0;0;0;1;0;0;5;4;0;0;0;5;1;4;0;0;0;0;0;0;0;0;0;0;0
morton;Name;0;0;0;1;0;0;6;5;0;0;0;6;2;4;0;0;0;0;0;0;0;0;0;0;0
hulda;Name;1;0;0;1;0;0;5;5;0;0;0;5;2;3;0;0;0;0;0;0;0;0;0;0;0
randa;Name;1;0;0;1;0;0;5;4;0;0;0;5;2;3;0;0;0;0;0;0;0;0;0;0;0
temika;Name;1;0;0;1;0;0;6;6;0;0;0;6;3;3;0;0;0;0;0;0;0;0;0;0;0
megan;Name;0;0;0;1;0;0;5;5;0;0;0;5;2;3;0;0;0;0;0;0;0;0;0;0;0
winfred;Name;0;0;0;1;0;0;7;7;0;0;0;7;2;5;0;0;0;0;0;0;0;0;0;0;0
bret;Name;0;0;0;1;0;0;4;4;0;0;0;4;1;3;0;0;0;0;0;0;0;0;0;0;0
flor;Name;0;0;0;1;0;0;4;4;0;0;0;4;1;3;0;0;0;0;0;0;0;0;0;0;0
merle;Name;1;0;0;1;0;0;5;4;0;0;0;5;2;3;0;0;0;0;0;0;0;0;0;0;0
marni;Name;1;0;0;1;0;0;5;5;0;0;0;5;2;3;0;0;0;0;0;0;0;0;0;0;0
quentin;Name;0;0;0;1;0;0;7;6;0;0;0;7;3;4;0;0;0;0;0;0;0;0;0;0;0
marleen;Name;0;0;0;1;0;0;7;6;0;0;0;7;3;4;0;0;0;0;0;0;0;0;0;0;0
cami;Name;1;0;0;1;0;0;4;4;0;0;0;4;2;2;0;0;0;0;0;0;0;0;0;0;0
jaunita;Name;1;0;0;1;0;0;7;6;0;0;0;7;4;3;0;0;0;0;0;0;0;0;0;0;0
judith;Name;0;0;0;1;0;0;6;6;0;0;0;6;2;4;0;0;0;0;0;0;0;0;0;0;0
jeanie;Name;1;0;0;1;0;0;6;5;0;0;0;6;4;2;0;0;0;0;0;0;0;0;0;0;0
blanch;Name;0;0;0;1;0;0;6;6;0;0;0;6;1;5;0;0;0;0;0;0;0;0;0;0;0
will;Name;0;0;0;1;0;0;4;3;0;0;0;4;1;3;0;0;0;0;0;0;0;0;0;0;0
opal;Name;0;1;0;1;0;0;4;4;0;0;0;4;2;2;0;0;0;0;0;0;0;0;0;0;0
kris;Name;0;0;0;1;0;0;4;4;0;0;0;4;1;3;0;0;0;0;0;0;0;0;0;0;0
duncan;Name;0;0;0;1;0;0;6;5;0;0;0;6;2;4;0;0;0;0;0;0;0;0;0;0;0
eugenio;Name;1;1;0;1;0;0;7;6;0;0;0;7;5;2;0;0;0;0;0;0;0;0;0;0;0
margaretta;Name;1;0;0;1;0;0;10;6;0;0;0;10;4;6;0;0;0;0;0;0;0;0;0;0;0
mora;Name;1;0;0;1;0;0;4;4;0;0;0;4;2;2;0;0;0;0;0;0;0;0;0;0;0
arielle;Name;1;1;0;1;0;0;7;5;0;0;0;7;4;3;0;0;0;0;0;0;0;0;0;0;0
valene;Name;1;0;0;1;0;0;6;5;0;0;0;6;3;3;0;0;0;0;0;0;0;0;0;0;0
latasha;Name;1;0;0;1;0;0;7;5;0;0;0;7;3;4;0;0;0;0;0;0;0;0;0;0;0
vaughn;Name;0;0;0;1;0;0;6;6;0;0;0;6;2;4;0;0;0;0;0;0;0;0;0;0;0
abigail;Name;0;1;0;1;0;0;7;5;0;0;0;7;4;3;0;0;0;0;0;0;0;0;0;0;0
wendy;Name;0;0;0;1;0;0;5;5;0;0;0;5;1;4;0;0;0;0;0;0;0;0;0;0;0
georgie;Name;1;0;0;1;0;0;7;5;0;0;0;7;4;3;0;0;0;0;0;0;0;0;0;0;0
rosario;Name;1;0;0;1;0;0;7;5;0;0;0;7;4;3;0;0;0;0;0;0;0;0;0;0;0
orval;Name;0;1;0;1;0;0;5;5;0;0;0;5;2;3;0;0;0;0;0;0;0;0;0;0;0
michel;Name;0;0;0;1;0;0;6;6;0;0;0;6;2;4;0;0;0;0;0;0;0;0;0;0;0
isaiah;Name;0;1;0;1;0;0;6;4;0;0;0;6;4;2;0;0;0;0;0;0;0;0;0;0;0
francis;Name;0;0;0;1;0;0;7;7;0;0;0;7;2;5;0;0;0;0;0;0;0;0;0;0;0
phillip;Name;0;0;0;1;0;0;7;4;0;0;0;7;2;5;0;0;0;0;0;0;0;0;0;0;0
rusty;Name;0;0;0;1;0;0;5;5;0;0;0;5;1;4;0;0;0;0;0;0;0;0;0;0;0
clayton;Name;0;0;0;1;0;0;7;7;0;0;0;7;2;5;0;0;0;0;0;0;0;0;0;0;0
mahalia;Name;1;0;0;1;0;0;7;5;0;0;0;7;4;3;0;0;0;0;0;0;0;0;0;0;0
ona;Name;1;1;0;1;0;0;3;3;0;0;0;3;2;1;0;0;0;0;0;0;0;0;0;0;0
pia;Name;1;0;0;1;0;0;3;3;0;0;0;3;2;1;0;0;0;0;0;0;0;0;0;0;0
moses;Name;0;0;0;1;0;0;5;4;0;0;0;5;2;3;0;0;0;0;0;0;0;0;0;0;0
scot;Name;0;0;0;1;0;0;4;4;0;0;0;4;1;3;0;0;0;0;0;0;0;0;0;0;0
sherman;Name;0;0;0;1;0;0;7;7;0;0;0;7;2;5;0;0;0;0;0;0;0;0;0;0;0
marisa;Name;1;0;0;1;0;0;6;5;0;0;0;6;3;3;0;0;0;0;0;0;0;0;0;0;0
le;Name;1;0;0;1;0;0;2;2;0;0;0;2;1;1;0;0;0;0;0;0;0;0;0;0;0
keenan;Name;0;0;0;1;0;0;6;4;0;0;0;6;3;3;0;0;0;0;0;0;0;0;0;0;0
martha;Name;1;0;0;1;0;0;6;5;0;0;0;6;2;4;0;0;0;0;0;0;0;0;0;0;0
garrett;Name;0;0;0;1;0;0;7;5;0;0;0;7;2;5;0;0;0;0;0;0;0;0;0;0;0
rikki;Name;1;0;0;1;0;0;5;3;0;0;0;5;2;3;0;0;0;0;0;0;0;0;0;0;0
raleigh;Name;0;0;0;1;0;0;7;7;0;0;0;7;3;4;0;0;0;0;0;0;0;0;0;0;0
avelina;Name;1;1;0;1;0;0;7;6;0;0;0;7;4;3;0;0;0;0;0;0;0;0;0;0;0
kristine;Name;1;0;0;1;0;0;8;7;0;0;0;8;3;5;0;0;0;0;0;0;0;0;0;0;0
hyman;Name;0;0;0;1;0;0;5;5;0;0;0;5;1;4;0;0;0;0;0;0;0;0;0;0;0
astrid;Name;0;1;0;1;0;0;6;6;0;0;0;6;2;4;0;0;0;0;0;0;0;0;0;0;0
andy;Name;0;1;0;1;0;0;4;4;0;0;0;4;1;3;0;0;0;0;0;0;0;0;0;0;0
madge;Name;1;0;0;1;0;0;5;5;0;0;0;5;2;3;0;0;0;0;0;0;0;0;0;0;0
shavonne;Name;1;0;0;1;0;0;8;7;0;0;0;8;3;5;0;0;0;0;0;0;0;0;0;0;0
nu;Name;1;0;0;1;0;0;2;2;0;0;0;2;1;1;0;0;0;0;0;0;0;0;0;0;0
roxie;Name;1;0;0;1;0;0;5;5;0;0;0;5;3;2;0;0;0;0;0;0;0;0;0;0;1
shawna;Name;1;0;0;1;0;0;6;5;0;0;0;6;2;4;0;0;0;0;0;0;0;0;0;0;0
rhiannon;Name;0;0;0;1;0;0;8;6;0;0;0;8;3;5;0;0;0;0;0;0;0;0;0;0;0
aline;Name;1;1;0;1;0;0;5;5;0;0;0;5;3;2;0;0;0;0;0;0;0;0;0;0;0
omer;Name;0;1;0;1;0;0;4;4;0;0;0;4;2;2;0;0;0;0;0;0;0;0;0;0;0
shaunda;Name;1;0;0;1;0;0;7;6;0;0;0;7;3;4;0;0;0;0;0;0;0;0;0;0;0
renda;Name;1;0;0;1;0;0;5;5;0;0;0;5;2;3;0;0;0;0;0;0;0;0;0;0;0
tyisha;Name;1;0;0;1;0;0;6;6;0;0;0;6;2;4;0;0;0;0;0;0;0;0;0;0;0
filiberto;Name;1;0;0;1;0;0;9;8;0;0;0;9;4;5;0;0;0;0;0;0;0;0;0;0;0
shoshana;Name;1;0;0;1;0;0;8;5;0;0;0;8;3;5;0;0;0;0;0;0;0;0;0;0;0
micki;Name;1;0;0;1;0;0;5;4;0;0;0;5;2;3;0;0;0;0;0;0;0;0;0;0;0
jamaal;Name;0;0;0;1;0;0;6;4;0;0;0;6;3;3;0;0;0;0;0;0;0;0;0;0;0
gregorio;Name;1;0;0;1;0;0;8;5;0;0;0;8;4;4;0;0;0;0;0;0;0;0;0;0;0
ricarda;Name;1;0;0;1;0;0;7;5;0;0;0;7;3;4;0;0;0;0;0;0;0;0;0;0;0
malcolm;Name;0;0;0;1;0;0;7;5;0;0;0;7;2;5;0;0;0;0;0;0;0;0;0;0;0
mathew;Name;0;0;0;1;0;0;6;6;0;0;0;6;2;4;0;0;0;0;0;0;0;0;0;0;0
dagny;Name;0;0;0;1;0;0;5;5;0;0;0;5;1;4;0;0;0;0;0;0;0;0;0;0;0
adolfo;Name;1;1;0;1;0;0;6;5;0;0;0;6;3;3;0;0;0;0;0;0;0;0;0;0;0
marcelo;Name;1;0;0;1;0;0;7;7;0;0;0;7;3;4;0;0;0;0;0;0;0;0;0;0;0
warren;Name;0;0;0;1;0;0;6;5;0;0;0;6;2;4;0;0;0;0;0;0;0;0;0;0;0
lakeshia;Name;1;0;0;1;0;0;8;7;0;0;0;8;4;4;0;0;0;0;0;0;0;0;0;0;0
january;Name;0;0;0;1;0;0;7;6;0;0;0;7;3;4;0;0;0;0;0;0;0;0;0;0;0
gabrielle;Name;1;0;0;1;0;0;9;7;0;0;0;9;4;5;0;0;0;0;0;0;0;0;0;0;0
miguel;Name;0;0;0;1;0;0;6;6;0;0;0;6;3;3;0;0;0;0;0;0;0;0;0;0;0
emelina;Name;1;1;0;1;0;0;7;6;0;0;0;7;4;3;0;0;0;0;0;0;0;0;0;0;0
don;Name;0;0;0;1;0;0;3;3;0;0;0;3;1;2;0;0;0;0;0;0;0;0;0;0;0
darwin;Name;0;0;0;1;0;0;6;6;0;0;0;6;2;4;0;0;0;0;0;0;0;0;0;0;0
leanna;Name;1;0;0;1;0;0;6;4;0;0;0;6;3;3;0;0;0;0;0;0;0;0;0;0;0
clement;Name;0;0;0;1;0;0;7;6;0;0;0;7;2;5;0;0;0;0;0;0;0;0;0;0;0
riley;Name;0;0;0;1;0;0;5;5;0;0;0;5;2;3;0;0;0;0;0;0;0;0;0;0;0
caryn;Name;0;0;0;1;0;0;5;5;0;0;0;5;1;4;0;0;0;0;0;0;0;0;0;0;0
marge;Name;1;0;0;1;0;0;5;5;0;0;0;5;2;3;0;0;0;0;0;0;0;0;0;0;0
carter;Name;0;0;0;1;0;0;6;5;0;0;0;6;2;4;0;0;0;0;0;0;0;0;0;0;0
bradley;Name;0;0;0;1;0;0;7;7;0;0;0;7;2;5;0;0;0;0;0;0;0;0;0;0;0
leonor;Name;0;0;0;1;0;0;6;5;0;0;0;6;3;3;0;0;0;0;0;0;0;0;0;0;0
loise;Name;1;0;0;1;0;0;5;5;0;0;0;5;3;2;0;0;0;0;0;0;0;0;0;0;0
myrtie;Name;1;0;0;1;0;0;6;6;0;0;0;6;2;4;0;0;0;0;0;0;0;0;0;0;0
mason;Name;0;0;0;1;0;0;5;5;0;0;0;5;2;3;0;0;0;0;0;0;0;0;0;0;0
kendrick;Name;0;0;0;1;0;0;8;7;0;0;0;8;2;6;0;0;0;0;0;0;0;0;0;0;0
reva;Name;1;0;0;1;0;0;4;4;0;0;0;4;2;2;0;0;0;0;0;0;0;0;0;0;0
elvis;Name;0;1;0;1;0;0;5;5;0;0;0;5;2;3;0;0;0;0;0;0;0;0;0;0;0
albertha;Name;1;1;0;1;0;0;8;7;0;0;0;8;3;5;0;0;0;0;0;0;0;0;0;0;0
beckie;Name;1;0;0;1;0;0;6;5;0;0;0;6;3;3;0;0;0;0;0;0;0;0;0;0;0
leena;Name;1;0;0;1;0;0;5;4;0;0;0;5;3;2;0;0;0;0;0;0;0;0;0;0;0
robin;Name;0;0;0;1;0;0;5;5;0;0;0;5;2;3;0;0;0;0;0;0;0;0;0;0;0
darrick;Name;0;0;0;1;0;0;7;6;0;0;0;7;2;5;0;0;0;0;0;0;0;0;0;0;0
serafina;Name;1;0;0;1;0;0;8;7;0;0;0;8;4;4;0;0;0;0;0;0;0;0;0;0;0
ryan;Name;0;0;0;1;0;0;4;4;0;0;0;4;1;3;0;0;0;0;0;0;0;0;0;0;0
lanell;Name;0;0;0;1;0;0;6;4;0;0;0;6;2;4;0;0;0;0;0;0;0;0;0;0;0
darren;Name;0;0;0;1;0;0;6;5;0;0;0;6;2;4;0;0;0;0;0;0;0;0;0;0;0
lashandra;Name;1;0;0;1;0;0;9;7;0;0;0;9;3;6;0;0;0;0;0;0;0;0;0;0;0
lynna;Name;1;0;0;1;0;0;5;4;0;0;0;5;1;4;0;0;0;0;0;0;0;0;0;0;0
kelsey;Name;0;0;0;1;0;0;6;5;0;0;0;6;2;4;0;0;0;0;0;0;0;0;0;0;0
glynda;Name;1;0;0;1;0;0;6;6;0;0;0;6;1;5;0;0;0;0;0;0;0;0;0;0;0
darrin;Name;0;0;0;1;0;0;6;5;0;0;0;6;2;4;0;0;0;0;0;0;0;0;0;0;0
lizeth;Name;0;0;0;1;0;0;6;6;0;0;0;6;2;4;0;0;0;0;0;0;0;0;0;0;0
jefferson;Name;0;0;0;1;0;0;9;7;0;0;0;9;3;6;0;0;0;0;0;0;0;0;0;0;0
cheryle;Name;1;0;0;1;0;0;7;6;0;0;0;7;2;5;0;0;0;0;0;0;0;0;0;0;0
alfred;Name;0;1;0;1;0;0;6;6;0;0;0;6;2;4;0;0;0;0;0;0;0;0;0;0;0
angelic;Name;0;1;0;1;0;0;7;7;0;0;0;7;3;4;0;0;0;0;0;0;0;0;0;0;0
darcey;Name;0;0;0;1;0;0;6;6;0;0;0;6;2;4;0;0;0;0;0;0;0;0;0;0;0
trula;Name;1;0;0;1;0;0;5;5;0;0;0;5;2;3;0;0;0;0;0;0;0;0;0;0;0
antione;Name;1;1;0;1;0;0;7;6;0;0;0;7;4;3;0;0;0;0;0;0;0;0;0;0;0
claudette;Name;1;0;0;1;0;0;9;7;0;0;0;9;4;5;0;0;0;0;0;0;0;0;0;0;0
sammie;Name;1;0;0;1;0;0;6;5;0;0;0;6;3;3;0;0;0;0;0;0;0;0;0;0;0
brigitte;Name;1;0;0;1;0;0;8;6;0;0;0;8;3;5;0;0;0;0;0;0;0;0;0;0;0
omega;Name;1;1;0;1;0;0;5;5;0;0;0;5;3;2;0;0;0;0;0;0;0;0;0;0;0
thanh;Name;0;0;0;1;0;0;5;4;0;0;0;5;1;4;0;0;0;0;0;0;0;0;0;0;0
kori;Name;1;0;0;1;0;0;4;4;0;0;0;4;2;2;0;0;0;0;0;0;0;0;0;0;0
harriette;Name;1;0;0;1;0;0;9;6;0;0;0;9;4;5;0;0;0;0;0;0;0;0;0;0;0
ernestine;Name;1;1;0;1;0;0;9;6;0;0;0;9;4;5;0;0;0;0;0;0;0;0;0;0;0
cordell;Name;0;0;0;1;0;0;7;6;0;0;0;7;2;5;0;0;0;0;0;0;0;0;0;0;0
hwa;Name;1;0;0;1;0;0;3;3;0;0;0;3;1;2;0;0;0;0;0;0;0;0;0;0;0
jamison;Name;0;0;0;1;0;0;7;7;0;0;0;7;3;4;0;0;0;0;0;0;0;0;0;0;0
reagan;Name;0;0;0;1;0;0;6;5;0;0;0;6;3;3;0;0;0;0;0;0;0;0;0;0;0
chin;Name;0;0;0;1;0;0;4;4;0;0;0;4;1;3;0;0;0;0;0;0;0;0;0;0;0
liberty;Name;0;0;0;1;0;0;7;7;0;0;0;7;2;5;0;0;0;0;0;0;0;0;0;0;0
fernanda;Name;1;0;0;1;0;0;8;6;0;0;0;8;3;5;0;0;0;0;0;0;0;0;0;0;0
blondell;Name;0;0;0;1;0;0;8;6;0;0;0;8;2;6;0;0;0;0;0;0;0;0;0;0;0
anette;Name;1;1;0;1;0;0;6;4;0;0;0;6;3;3;0;0;0;0;0;0;0;0;0;0;0
jasper;Name;0;0;0;1;0;0;6;6;0;0;0;6;2;4;0;0;0;0;0;0;0;0;0;0;0
royal;Name;0;0;0;1;0;0;5;5;0;0;0;5;2;3;0;0;0;0;0;0;0;0;0;0;0
irmgard;Name;0;1;0;1;0;0;7;6;0;0;0;7;2;5;0;0;0;0;0;0;0;0;0;0;0
cheree;Name;1;0;0;1;0;0;6;4;0;0;0;6;3;3;0;0;0;0;0;0;0;0;0;0;0
curtis;Name;0;0;0;1;0;0;6;6;0;0;0;6;2;4;0;0;0;0;0;0;0;0;0;0;0
brett;Name;0;0;0;1;0;0;5;4;0;0;0;5;1;4;0;0;0;0;0;0;0;0;0;0;0
maurice;Name;1;0;0;1;0;0;7;7;0;0;0;7;4;3;0;0;0;0;0;0;0;0;0;0;0
emilio;Name;1;1;0;1;0;0;6;5;0;0;0;6;4;2;0;0;0;0;0;0;0;0;0;0;0
gala;Name;1;0;0;1;0;0;4;3;0;0;0;4;2;2;0;0;0;0;0;0;0;0;0;0;0
joan;Name;0;0;0;1;0;0;4;4;0;0;0;4;2;2;0;0;0;0;0;0;0;0;0;0;0
tandy;Name;0;0;0;1;0;0;5;5;0;0;0;5;1;4;0;0;0;0;0;0;0;0;0;0;0
nicolas;Name;0;0;0;1;0;0;7;7;0;0;0;7;3;4;0;0;0;0;0;0;0;0;0;0;0
ima;Name;1;1;0;1;0;0;3;3;0;0;0;3;2;1;0;0;0;0;0;0;0;0;0;0;0
rubin;Name;0;0;0;1;0;0;5;5;0;0;0;5;2;3;0;0;0;0;0;0;0;0;0;0;0
bennie;Name;1;0;0;1;0;0;6;4;0;0;0;6;3;3;0;0;0;0;0;0;0;0;0;0;0
belle;Name;1;0;0;1;0;0;5;3;0;0;0;5;2;3;0;0;0;0;0;0;0;0;0;0;0
darron;Name;0;0;0;1;0;0;6;5;0;0;0;6;2;4;0;0;0;0;0;0;0;0;0;0;0
nelly;Name;0;0;0;1;0;0;5;4;0;0;0;5;1;4;0;0;0;0;0;0;0;0;0;0;0
coy;Name;0;0;0;1;0;0;3;3;0;0;0;3;1;2;0;0;0;0;0;0;0;0;0;0;0
bill;Name;0;0;0;1;0;0;4;3;0;0;0;4;1;3;0;0;0;0;0;0;0;0;0;0;0
mariam;Name;0;0;0;1;0;0;6;4;0;0;0;6;3;3;0;0;0;0;0;0;0;0;0;0;0
joette;Name;1;0;0;1;0;0;6;4;0;0;0;6;3;3;0;0;0;0;0;0;0;0;0;0;0
jeramy;Name;0;0;0;1;0;0;6;6;0;0;0;6;2;4;0;0;0;0;0;0;0;0;0;0;0
bernard;Name;0;0;0;1;0;0;7;6;0;0;0;7;2;5;0;0;0;0;0;0;0;0;0;0;0
kathryn;Name;0;0;0;1;0;0;7;7;0;0;0;7;1;6;0;0;0;0;0;0;0;0;0;0;0
laureen;Name;0;0;0;1;0;0;7;6;0;0;0;7;4;3;0;0;0;0;0;0;0;0;0;0;0
alphonso;Name;1;1;0;1;0;0;8;7;0;0;0;8;3;5;0;0;0;0;0;0;0;0;0;0;0
marsha;Name;1;0;0;1;0;0;6;5;0;0;0;6;2;4;0;0;0;0;0;0;0;0;0;0;0
lawanda;Name;1;0;0;1;0;0;7;5;0;0;0;7;3;4;0;0;0;0;0;0;0;0;0;0;0
jospeh;Name;0;0;0;1;0;0;6;6;0;0;0;6;2;4;0;0;0;0;0;0;0;0;0;0;0
dee;Name;1;0;0;1;0;0;3;2;0;0;0;3;2;1;0;0;0;0;0;0;0;0;0;0;0
randall;Name;0;0;0;1;0;0;7;5;0;0;0;7;2;5;0;0;0;0;0;0;0;0;0;0;0
myles;Name;0;0;0;1;0;0;5;5;0;0;0;5;1;4;0;0;0;0;0;0;0;0;0;0;0
dusty;Name;0;0;0;1;0;0;5;5;0;0;0;5;1;4;0;0;0;0;0;0;0;0;0;0;0
darleen;Name;0;0;0;1;0;0;7;6;0;0;0;7;3;4;0;0;0;0;0;0;0;0;0;0;0
benny;Name;0;0;0;1;0;0;5;4;0;0;0;5;1;4;0;0;0;0;0;0;0;0;0;0;0
jerrell;Name;0;0;0;1;0;0;7;4;0;0;0;7;2;5;0;0;0;0;0;0;0;0;0;0;0
chun;Name;0;0;0;1;0;0;4;4;0;0;0;4;1;3;0;0;0;0;0;0;0;0;0;0;0
thuy;Name;0;0;0;1;0;0;4;4;0;0;0;4;1;3;0;0;0;0;0;0;0;0;0;0;0
kyra;Name;1;0;0;1;0;0;4;4;0;0;0;4;1;3;0;0;0;0;0;0;0;0;0;0;0
farah;Name;0;0;0;1;0;0;5;4;0;0;0;5;2;3;0;0;0;0;0;0;0;0;0;0;0
chris;Name;0;0;0;1;0;0;5;5;0;0;0;5;1;4;0;0;0;0;0;0;0;0;0;0;0
roberto;Name;1;0;0;1;0;0;7;5;0;0;0;7;3;4;0;0;0;0;0;0;0;0;0;0;0
rodolfo;Name;1;0;0;1;0;0;7;5;0;0;0;7;3;4;0;0;0;0;0;0;0;0;0;0;0
rudy;Name;0;0;0;1;0;0;4;4;0;0;0;4;1;3;0;0;0;0;0;0;0;0;0;0;0
lai;Name;1;0;0;1;0;0;3;3;0;0;0;3;2;1;0;0;0;0;0;0;0;0;0;0;0
marceline;Name;1;0;0;1;0;0;9;8;0;0;0;9;4;5;0;0;0;0;0;0;0;0;0;0;0
joesph;Name;0;0;0;1;0;0;6;6;0;0;0;6;2;4;0;0;0;0;0;0;0;0;0;0;0
jewel;Name;0;0;0;1;0;0;5;4;0;0;0;5;2;3;0;0;0;0;0;0;0;0;0;0;0
michaela;Name;1;0;0;1;0;0;8;7;0;0;0;8;4;4;0;0;0;0;0;0;0;0;0;0;0
elin;Name;0;1;0;1;0;0;4;4;0;0;0;4;2;2;0;0;0;0;0;0;0;0;0;0;0
dovie;Name;1;0;0;1;0;0;5;5;0;0;0;5;3;2;0;0;0;0;0;0;0;0;0;0;0
janean;Name;0;0;0;1;0;0;6;4;0;0;0;6;3;3;0;0;0;0;0;0;0;0;0;0;0
cyrus;Name;0;0;0;1;0;0;5;5;0;0;0;5;1;4;0;0;0;0;0;0;0;0;0;0;0
annelle;Name;1;1;0;1;0;0;7;4;0;0;0;7;3;4;0;0;0;0;0;0;0;0;0;0;0
alethia;Name;1;1;0;1;0;0;7;6;0;0;0;7;4;3;0;0;0;0;0;0;0;0;0;0;0
jon;Name;0;0;0;1;0;0;3;3;0;0;0;3;1;2;0;0;0;0;0;0;0;0;0;0;0
douglass;Name;0;0;0;1;0;0;8;7;0;0;0;8;3;5;0;0;0;0;0;0;0;0;0;0;0
diego;Name;1;0;0;1;0;0;5;5;0;0;0;5;3;2;0;0;0;0;0;0;0;0;0;0;0
nanci;Name;1;0;0;1;0;0;5;4;0;0;0;5;2;3;0;0;0;0;0;0;0;0;0;0;0
elaine;Name;1;1;0;1;0;0;6;5;0;0;0;6;4;2;0;0;0;0;0;0;0;0;0;0;0
marquis;Name;0;0;0;1;0;0;7;7;0;0;0;7;3;4;0;0;0;0;0;0;0;0;0;0;0
elden;Name;0;1;0;1;0;0;5;4;0;0;0;5;2;3;0;0;0;0;0;0;0;0;0;0;0
mallory;Name;0;0;0;1;0;0;7;6;0;0;0;7;2;5;0;0;0;0;0;0;0;0;0;0;0
elfrieda;Name;1;1;0;1;0;0;8;7;0;0;0;8;4;4;0;0;0;0;0;0;0;0;0;0;0
dino;Name;1;0;0;1;0;0;4;4;0;0;0;4;2;2;0;0;0;0;0;0;0;0;0;0;0
dyan;Name;0;0;0;1;0;0;4;4;0;0;0;4;1;3;0;0;0;0;0;0;0;0;0;0;0
elisa;Name;1;1;0;1;0;0;5;5;0;0;0;5;3;2;0;0;0;0;0;0;0;0;0;0;0
boris;Name;0;0;0;1;0;0;5;5;0;0;0;5;2;3;0;0;0;0;0;0;0;0;0;0;0
jackie;Name;1;0;0;1;0;0;6;6;0;0;0;6;3;3;0;0;0;0;0;0;0;0;0;0;0
porter;Name;0;0;0;1;0;0;6;5;0;0;0;6;2;4;0;0;0;0;0;0;0;0;0;0;0
stephine;Name;1;0;0;1;0;0;8;7;0;0;0;8;3;5;0;0;0;0;0;0;0;0;0;0;0
heath;Name;0;0;0;1;0;0;5;4;0;0;0;5;2;3;0;0;0;0;0;0;0;0;0;0;0
lino;Name;1;0;0;1;0;0;4;4;0;0;0;4;2;2;0;0;0;0;0;0;0;0;0;0;0
kamala;Name;1;0;0;1;0;0;6;4;0;0;0;6;3;3;0;0;0;0;0;0;0;0;0;0;0
melvin;Name;0;0;0;1;0;0;6;6;0;0;0;6;2;4;0;0;0;0;0;0;0;0;0;0;0
julian;Name;0;0;0;1;0;0;6;6;0;0;0;6;3;3;0;0;0;0;0;0;0;0;0;0;0
terra;Name;1;0;0;1;0;0;5;4;0;0;0;5;2;3;0;0;0;0;0;0;0;0;0;0;0
tyrone;Name;1;0;0;1;0;0;6;6;0;0;0;6;2;4;0;0;0;0;0;0;0;0;0;0;0
kip;Name;0;0;0;1;0;0;3;3;0;0;0;3;1;2;0;0;0;0;0;0;0;0;0;0;0
jeremiah;Name;0;0;0;1;0;0;8;7;0;0;0;8;4;4;0;0;0;0;0;0;0;0;0;0;0
jewell;Name;0;0;0;1;0;0;6;4;0;0;0;6;2;4;0;0;0;0;0;0;0;0;0;0;0
ruben;Name;0;0;0;1;0;0;5;5;0;0;0;5;2;3;0;0;0;0;0;0;0;0;0;0;0
marlon;Name;0;0;0;1;0;0;6;6;0;0;0;6;2;4;0;0;0;0;0;0;0;0;0;0;0
janett;Name;0;0;0;1;0;0;6;5;0;0;0;6;2;4;0;0;0;0;0;0;0;0;0;0;0
charlene;Name;1;0;0;1;0;0;8;7;0;0;0;8;3;5;0;0;0;0;0;0;0;0;0;0;0
victoria;Name;1;0;0;1;0;0;8;7;0;0;0;8;4;4;0;0;0;0;0;0;0;0;0;0;0
sid;Name;0;0;0;1;0;0;3;3;0;0;0;3;1;2;0;0;0;0;0;0;0;0;0;0;0
elvie;Name;1;1;0;1;0;0;5;4;0;0;0;5;3;2;0;0;0;0;0;0;0;0;0;0;0
refugio;Name;1;0;0;1;0;0;7;7;0;0;0;7;4;3;0;0;0;0;0;0;0;0;0;0;0
jann;Name;0;0;0;1;0;0;4;3;0;0;0;4;1;3;0;0;0;0;0;0;0;0;0;0;0
kevin;Name;0;0;0;1;0;0;5;5;0;0;0;5;2;3;0;0;0;0;0;0;0;0;0;0;0
cleora;Name;1;0;0;1;0;0;6;6;0;0;0;6;3;3;0;0;0;0;0;0;0;0;0;0;0
gus;Name;0;0;0;1;0;0;3;3;0;0;0;3;1;2;0;0;0;0;0;0;0;0;0;0;0
gladis;Name;0;0;0;1;0;0;6;6;0;0;0;6;2;4;0;0;0;0;0;0;0;0;0;0;0
exie;Name;1;1;0;1;0;0;4;3;0;0;0;4;3;1;0;0;0;0;0;0;0;0;0;0;1
dena;Name;1;0;0;1;0;0;4;4;0;0;0;4;2;2;0;0;0;0;0;0;0;0;0;0;0
glenn;Name;0;0;0;1;0;0;5;4;0;0;0;5;1;4;0;0;0;0;0;0;0;0;0;0;0
emmie;Name;1;1;0;1;0;0;5;3;0;0;0;5;3;2;0;0;0;0;0;0;0;0;0;0;0
laraine;Name;1;0;0;1;0;0;7;6;0;0;0;7;4;3;0;0;0;0;0;0;0;0;0;0;0
gilbert;Name;0;0;0;1;0;0;7;7;0;0;0;7;2;5;0;0;0;0;0;0;0;0;0;0;0
clifford;Name;0;0;0;1;0;0;8;7;0;0;0;8;2;6;0;0;0;0;0;0;0;0;0;0;0
genevieve;Name;1;0;0;1;0;0;9;5;0;0;0;9;5;4;0;0;0;0;0;0;0;0;0;0;0
kyle;Name;1;0;0;1;0;0;4;4;0;0;0;4;1;3;0;0;0;0;0;0;0;0;0;0;0
olene;Name;1;1;0;1;0;0;5;4;0;0;0;5;3;2;0;0;0;0;0;0;0;0;0;0;0
hung;Name;0;0;0;1;0;0;4;4;0;0;0;4;1;3;0;0;0;0;0;0;0;0;0;0;0
enedina;Name;1;1;0;1;0;0;7;5;0;0;0;7;4;3;0;0;0;0;0;0;0;0;0;0;0
livia;Name;1;0;0;1;0;0;5;4;0;0;0;5;3;2;0;0;0;0;0;0;0;0;0;0;0
sharon;Name;0;0;0;1;0;0;6;6;0;0;0;6;2;4;0;0;0;0;0;0;0;0;0;0;0
claire;Name;1;0;0;1;0;0;6;6;0;0;0;6;3;3;0;0;0;0;0;0;0;0;0;0;0
lesli;Name;1;0;0;1;0;0;5;4;0;0;0;5;2;3;0;0;0;0;0;0;0;0;0;0;0
ernesto;Name;1;1;0;1;0;0;7;6;0;0;0;7;3;4;0;0;0;0;0;0;0;0;0;0;0
kerry;Name;0;0;0;1;0;0;5;4;0;0;0;5;1;4;0;0;0;0;0;0;0;0;0;0;0
mui;Name;1;0;0;1;0;0;3;3;0;0;0;3;2;1;0;0;0;0;0;0;0;0;0;0;0
maragret;Name;0;0;0;1;0;0;8;6;0;0;0;8;3;5;0;0;0;0;0;0;0;0;0;0;0
melodie;Name;1;0;0;1;0;0;7;6;0;0;0;7;4;3;0;0;0;0;0;0;0;0;0;0;0
jacqulyn;Name;0;0;0;1;0;0;8;8;0;0;0;8;2;6;0;0;0;0;0;0;0;0;0;0;0
adina;Name;1;1;0;1;0;0;5;4;0;0;0;5;3;2;0;0;0;0;0;0;0;0;0;0;0
delana;Name;1;0;0;1;0;0;6;5;0;0;0;6;3;3;0;0;0;0;0;0;0;0;0;0;0
norris;Name;0;0;0;1;0;0;6;5;0;0;0;6;2;4;0;0;0;0;0;0;0;0;0;0;0
emile;Name;1;1;0;1;0;0;5;4;0;0;0;5;3;2;0;0;0;0;0;0;0;0;0;0;0
herbert;Name;0;0;0;1;0;0;7;5;0;0;0;7;2;5;0;0;0;0;0;0;0;0;0;0;0
adelina;Name;1;1;0;1;0;0;7;6;0;0;0;7;4;3;0;0;0;0;0;0;0;0;0;0;0
vesta;Name;1;0;0;1;0;0;5;5;0;0;0;5;2;3;0;0;0;0;0;0;0;0;0;0;0
teodora;Name;1;0;0;1;0;0;7;6;0;0;0;7;4;3;0;0;0;0;0;0;0;0;0;0;0
yuriko;Name;1;0;0;1;0;0;6;6;0;0;0;6;3;3;0;0;0;0;0;0;0;0;0;0;0
carey;Name;0;0;0;1;0;0;5;5;0;0;0;5;2;3;0;0;0;0;0;0;0;0;0;0;0
zofia;Name;1;0;0;1;0;0;5;5;0;0;0;5;3;2;0;0;0;0;0;0;0;0;0;0;0
aurea;Name;1;1;0;1;0;0;5;4;0;0;0;5;4;1;0;0;0;0;0;0;0;0;0;0;0
brad;Name;0;0;0;1;0;0;4;4;0;0;0;4;1;3;0;0;0;0;0;0;0;0;0;0;0
telma;Name;1;0;0;1;0;0;5;5;0;0;0;5;2;3;0;0;0;0;0;0;0;0;0;0;0
chiquita;Name;1;0;0;1;0;0;8;7;0;0;0;8;4;4;0;0;0;0;0;0;0;0;0;0;0
rob;Name;0;0;0;1;0;0;3;3;0;0;0;3;1;2;0;0;0;0;0;0;0;0;0;0;0
dallas;Name;0;0;0;1;0;0;6;4;0;0;0;6;2;4;0;0;0;0;0;0;0;0;0;0;0
alena;Name;1;1;0;1;0;0;5;4;0;0;0;5;3;2;0;0;0;0;0;0;0;0;0;0;0
alonzo;Name;1;1;0;1;0;0;6;5;0;0;0;6;3;3;0;0;0;0;0;0;0;0;0;0;0
charlsie;Name;1;0;0;1;0;0;8;8;0;0;0;8;3;5;0;0;0;0;0;0;0;0;0;0;0
pok;Name;0;0;0;1;0;0;3;3;0;0;0;3;1;2;0;0;0;0;0;0;0;0;0;0;0
sade;Name;1;0;0;1;0;0;4;4;0;0;0;4;2;2;0;0;0;0;0;0;0;0;0;0;0
marya;Name;1;0;0;1;0;0;5;4;0;0;0;5;2;3;0;0;0;0;0;0;0;0;0;0;0
melodi;Name;1;0;0;1;0;0;6;6;0;0;0;6;3;3;0;0;0;0;0;0;0;0;0;0;0
walker;Name;0;0;0;1;0;0;6;6;0;0;0;6;2;4;0;0;0;0;0;0;0;0;0;0;0
wyatt;Name;0;0;0;1;0;0;5;4;0;0;0;5;1;4;0;0;0;0;0;0;0;0;0;0;0
charley;Name;0;0;0;1;0;0;7;7;0;0;0;7;2;5;0;0;0;0;0;0;0;0;0;0;0
norman;Name;0;0;0;1;0;0;6;5;0;0;0;6;2;4;0;0;0;0;0;0;0;0;0;0;0
caron;Name;0;0;0;1;0;0;5;5;0;0;0;5;2;3;0;0;0;0;0;0;0;0;0;0;0
toby;Name;0;0;0;1;0;0;4;4;0;0;0;4;1;3;0;0;0;0;0;0;0;0;0;0;0
stacey;Name;0;0;0;1;0;0;6;6;0;0;0;6;2;4;0;0;0;0;0;0;0;0;0;0;0
tamala;Name;1;0;0;1;0;0;6;4;0;0;0;6;3;3;0;0;0;0;0;0;0;0;0;0;0
milan;Name;0;0;0;1;0;0;5;5;0;0;0;5;2;3;0;0;0;0;0;0;0;0;0;0;0
rosalind;Name;0;0;0;1;0;0;8;8;0;0;0;8;3;5;0;0;0;0;0;0;0;0;0;0;0
morris;Name;0;0;0;1;0;0;6;5;0;0;0;6;2;4;0;0;0;0;0;0;0;0;0;0;0
delpha;Name;1;0;0;1;0;0;6;6;0;0;0;6;2;4;0;0;0;0;0;0;0;0;0;0;0
elenora;Name;1;1;0;1;0;0;7;6;0;0;0;7;4;3;0;0;0;0;0;0;0;0;0;0;0
matthew;Name;0;0;0;1;0;0;7;6;0;0;0;7;2;5;0;0;0;0;0;0;0;0;0;0;0
anneliese;Name;1;1;0;1;0;0;9;6;0;0;0;9;5;4;0;0;0;0;0;0;0;0;0;0;0
natalie;Name;1;0;0;1;0;0;7;6;0;0;0;7;4;3;0;0;0;0;0;0;0;0;0;0;0
tonja;Name;1;0;0;1;0;0;5;5;0;0;0;5;2;3;0;0;0;0;0;0;0;0;0;0;0
gaston;Name;0;0;0;1;0;0;6;6;0;0;0;6;2;4;0;0;0;0;0;0;0;0;0;0;0
demarcus;Name;0;0;0;1;0;0;8;8;0;0;0;8;3;5;0;0;0;0;0;0;0;0;0;0;0
victor;Name;0;0;0;1;0;0;6;6;0;0;0;6;2;4;0;0;0;0;0;0;0;0;0;0;0
doretha;Name;1;0;0;1;0;0;7;7;0;0;0;7;3;4;0;0;0;0;0;0;0;0;0;0;0
darell;Name;0;0;0;1;0;0;6;5;0;0;0;6;2;4;0;0;0;0;0;0;0;0;0;0;0
edmundo;Name;1;1;0;1;0;0;7;6;0;0;0;7;3;4;0;0;0;0;0;0;0;0;0;0;0
edris;Name;0;1;0;1;0;0;5;5;0;0;0;5;2;3;0;0;0;0;0;0;0;0;0;0;0
eugena;Name;1;1;0;1;0;0;6;5;0;0;0;6;4;2;0;0;0;0;0;0;0;0;0;0;0
shea;Name;1;0;0;1;0;0;4;4;0;0;0;4;2;2;0;0;0;0;0;0;0;0;0;0;0
bertram;Name;0;0;0;1;0;0;7;6;0;0;0;7;2;5;0;0;0;0;0;0;0;0;0;0;0
dave;Name;1;0;0;1;0;0;4;4;0;0;0;4;2;2;0;0;0;0;0;0;0;0;0;0;0
dora;Name;1;0;0;1;0;0;4;4;0;0;0;4;2;2;0;0;0;0;0;0;0;0;0;0;0
christal;Name;0;0;0;1;0;0;8;8;0;0;0;8;2;6;0;0;0;0;0;0;0;0;0;0;0
elliot;Name;0;1;0;1;0;0;6;5;0;0;0;6;3;3;0;0;0;0;0;0;0;0;0;0;0
isidro;Name;1;1;0;1;0;0;6;5;0;0;0;6;3;3;0;0;0;0;0;0;0;0;0;0;0
gonzalo;Name;1;0;0;1;0;0;7;6;0;0;0;7;3;4;0;0;0;0;0;0;0;0;0;0;0
liza;Name;1;0;0;1;0;0;4;4;0;0;0;4;2;2;0;0;0;0;0;0;0;0;0;0;0
tyson;Name;0;0;0;1;0;0;5;5;0;0;0;5;1;4;0;0;0;0;0;0;0;0;0;0;0
jaye;Name;1;0;0;1;0;0;4;4;0;0;0;4;2;2;0;0;0;0;0;0;0;0;0;0;0
bethann;Name;0;0;0;1;0;0;7;6;0;0;0;7;2;5;0;0;0;0;0;0;0;0;0;0;0
ester;Name;0;1;0;1;0;0;5;4;0;0;0;5;2;3;0;0;0;0;0;0;0;0;0;0;0
houston;Name;0;0;0;1;0;0;7;6;0;0;0;7;3;4;0;0;0;0;0;0;0;0;0;0;0
grant;Name;0;0;0;1;0;0;5;5;0;0;0;5;1;4;0;0;0;0;0;0;0;0;0;0;0
reyes;Name;0;0;0;1;0;0;5;4;0;0;0;5;2;3;0;0;0;0;0;0;0;0;0;0;0
troy;Name;0;0;0;1;0;0;4;4;0;0;0;4;1;3;0;0;0;0;0;0;0;0;0;0;0
charla;Name;1;0;0;1;0;0;6;5;0;0;0;6;2;4;0;0;0;0;0;0;0;0;0;0;0
alexis;Name;0;1;0;1;0;0;6;6;0;0;0;6;3;3;0;0;0;0;0;0;0;0;0;0;1
marion;Name;0;0;0;1;0;0;6;6;0;0;0;6;3;3;0;0;0;0;0;0;0;0;0;0;0
florencio;Name;1;0;0;1;0;0;9;8;0;0;0;9;4;5;0;0;0;0;0;0;0;0;0;0;0
larita;Name;1;0;0;1;0;0;6;5;0;0;0;6;3;3;0;0;0;0;0;0;0;0;0;0;0
lorri;Name;1;0;0;1;0;0;5;4;0;0;0;5;2;3;0;0;0;0;0;0;0;0;0;0;0
margart;Name;0;0;0;1;0;0;7;5;0;0;0;7;2;5;0;0;0;0;0;0;0;0;0;0;0
marcel;Name;0;0;0;1;0;0;6;6;0;0;0;6;2;4;0;0;0;0;0;0;0;0;0;0;0
kory;Name;0;0;0;1;0;0;4;4;0;0;0;4;1;3;0;0;0;0;0;0;0;0;0;0;0
fidela;Name;1;0;0;1;0;0;6;6;0;0;0;6;3;3;0;0;0;0;0;0;0;0;0;0;0
jazmine;Name;1;0;0;1;0;0;7;7;0;0;0;7;3;4;0;0;0;0;0;0;0;0;0;0;0
normand;Name;0;0;0;1;0;0;7;6;0;0;0;7;2;5;0;0;0;0;0;0;0;0;0;0;0
charise;Name;1;0;0;1;0;0;7;7;0;0;0;7;3;4;0;0;0;0;0;0;0;0;0;0;0
mariel;Name;0;0;0;1;0;0;6;6;0;0;0;6;3;3;0;0;0;0;0;0;0;0;0;0;0
dewitt;Name;0;0;0;1;0;0;6;5;0;0;0;6;2;4;0;0;0;0;0;0;0;0;0;0;0
arica;Name;1;1;0;1;0;0;5;4;0;0;0;5;3;2;0;0;0;0;0;0;0;0;0;0;0
dreama;Name;1;0;0;1;0;0;6;5;0;0;0;6;3;3;0;0;0;0;0;0;0;0;0;0;0
vernita;Name;1;0;0;1;0;0;7;7;0;0;0;7;3;4;0;0;0;0;0;0;0;0;0;0;0
tamica;Name;1;0;0;1;0;0;6;5;0;0;0;6;3;3;0;0;0;0;0;0;0;0;0;0;0
wesley;Name;0;0;0;1;0;0;6;5;0;0;0;6;2;4;0;0;0;0;0;0;0;0;0;0;0
kiesha;Name;1;0;0;1;0;0;6;6;0;0;0;6;3;3;0;0;0;0;0;0;0;0;0;0;0
frankie;Name;1;0;0;1;0;0;7;7;0;0;0;7;3;4;0;0;0;0;0;0;0;0;0;0;0
luis;Name;0;0;0;1;0;0;4;4;0;0;0;4;2;2;0;0;0;0;0;0;0;0;0;0;0
bonnie;Name;1;0;0;1;0;0;6;5;0;0;0;6;3;3;0;0;0;0;0;0;0;0;0;0;0
deetta;Name;1;0;0;1;0;0;6;4;0;0;0;6;3;3;0;0;0;0;0;0;0;0;0;0;0
douglas;Name;0;0;0;1;0;0;7;7;0;0;0;7;3;4;0;0;0;0;0;0;0;0;0;0;0
shawana;Name;1;0;0;1;0;0;7;5;0;0;0;7;3;4;0;0;0;0;0;0;0;0;0;0;0
tasia;Name;1;0;0;1;0;0;5;4;0;0;0;5;3;2;0;0;0;0;0;0;0;0;0;0;0
eugenie;Name;1;1;0;1;0;0;7;5;0;0;0;7;5;2;0;0;0;0;0;0;0;0;0;0;0
loris;Name;0;0;0;1;0;0;5;5;0;0;0;5;2;3;0;0;0;0;0;0;0;0;0;0;0
asley;Name;0;1;0;1;0;0;5;5;0;0;0;5;2;3;0;0;0;0;0;0;0;0;0;0;0
arron;Name;0;1;0;1;0;0;5;4;0;0;0;5;2;3;0;0;0;0;0;0;0;0;0;0;0
elna;Name;1;1;0;1;0;0;4;4;0;0;0;4;2;2;0;0;0;0;0;0;0;0;0;0;0
rosalie;Name;1;0;0;1;0;0;7;7;0;0;0;7;4;3;0;0;0;0;0;0;0;0;0;0;0
hue;Name;1;0;0;1;0;0;3;3;0;0;0;3;2;1;0;0;0;0;0;0;0;0;0;0;0
yoshiko;Name;1;0;0;1;0;0;7;6;0;0;0;7;3;4;0;0;0;0;0;0;0;0;0;0;0
israel;Name;0;1;0;1;0;0;6;6;0;0;0;6;3;3;0;0;0;0;0;0;0;0;0;0;0
florida;Name;1;0;0;1;0;0;7;7;0;0;0;7;3;4;0;0;0;0;0;0;0;0;0;0;0
dania;Name;1;0;0;1;0;0;5;4;0;0;0;5;3;2;0;0;0;0;0;0;0;0;0;0;0
kiyoko;Name;1;0;0;1;0;0;6;4;0;0;0;6;3;3;0;0;0;0;0;0;0;0;0;0;0
ernest;Name;0;1;0;1;0;0;6;5;0;0;0;6;2;4;0;0;0;0;0;0;0;0;0;0;0
dannie;Name;1;0;0;1;0;0;6;5;0;0;0;6;3;3;0;0;0;0;0;0;0;0;0;0;0
lionel;Name;0;0;0;1;0;0;6;5;0;0;0;6;3;3;0;0;0;0;0;0;0;0;0;0;0
nena;Name;1;0;0;1;0;0;4;3;0;0;0;4;2;2;0;0;0;0;0;0;0;0;0;0;0
jeremy;Name;0;0;0;1;0;0;6;5;0;0;0;6;2;4;0;0;0;0;0;0;0;0;0;0;0
alycia;Name;1;1;0;1;0;0;6;5;0;0;0;6;3;3;0;0;0;0;0;0;0;0;0;0;0
joi;Name;1;0;0;1;0;0;3;3;0;0;0;3;2;1;0;0;0;0;0;0;0;0;0;0;0
neal;Name;0;0;0;1;0;0;4;4;0;0;0;4;2;2;0;0;0;0;0;0;0;0;0;0;0
danilo;Name;1;0;0;1;0;0;6;6;0;0;0;6;3;3;0;0;0;0;0;0;0;0;0;0;0
virgil;Name;0;0;0;1;0;0;6;5;0;0;0;6;2;4;0;0;0;0;0;0;0;0;0;0;0
joanna;Name;1;0;0;1;0;0;6;4;0;0;0;6;3;3;0;0;0;0;0;0;0;0;0;0;0
arlyne;Name;1;1;0;1;0;0;6;6;0;0;0;6;2;4;0;0;0;0;0;0;0;0;0;0;0
britney;Name;0;0;0;1;0;0;7;7;0;0;0;7;2;5;0;0;0;0;0;0;0;0;0;0;0
margarette;Name;1;0;0;1;0;0;10;6;0;0;0;10;4;6;0;0;0;0;0;0;0;0;0;0;0
bronwyn;Name;0;0;0;1;0;0;7;6;0;0;0;7;1;6;0;0;0;0;0;0;0;0;0;0;0
christian;Name;0;0;0;1;0;0;9;8;0;0;0;9;3;6;0;0;0;0;0;0;0;0;0;0;0
bridget;Name;0;0;0;1;0;0;7;7;0;0;0;7;2;5;0;0;0;0;0;0;0;0;0;0;0
george;Name;1;0;0;1;0;0;6;4;0;0;0;6;3;3;0;0;0;0;0;0;0;0;0;0;0
ardelia;Name;1;1;0;1;0;0;7;6;0;0;0;7;4;3;0;0;0;0;0;0;0;0;0;0;0
chauncey;Name;0;0;0;1;0;0;8;7;0;0;0;8;3;5;0;0;0;0;0;0;0;0;0;0;0
marvin;Name;0;0;0;1;0;0;6;6;0;0;0;6;2;4;0;0;0;0;0;0;0;0;0;0;0
joselyn;Name;0;0;0;1;0;0;7;7;0;0;0;7;2;5;0;0;0;0;0;0;0;0;0;0;0
aurora;Name;1;1;0;1;0;0;6;4;0;0;0;6;4;2;0;0;0;0;0;0;0;0;0;0;0
bennett;Name;0;0;0;1;0;0;7;4;0;0;0;7;2;5;0;0;0;0;0;0;0;0;0;0;0
kellie;Name;1;0;0;1;0;0;6;4;0;0;0;6;3;3;0;0;0;0;0;0;0;0;0;0;0
karon;Name;0;0;0;1;0;0;5;5;0;0;0;5;2;3;0;0;0;0;0;0;0;0;0;0;0
onita;Name;1;1;0;1;0;0;5;5;0;0;0;5;3;2;0;0;0;0;0;0;0;0;0;0;0
armando;Name;1;1;0;1;0;0;7;6;0;0;0;7;3;4;0;0;0;0;0;0;0;0;0;0;0
timothy;Name;0;0;0;1;0;0;7;6;0;0;0;7;2;5;0;0;0;0;0;0;0;0;0;0;0
jammie;Name;1;0;0;1;0;0;6;5;0;0;0;6;3;3;0;0;0;0;0;0;0;0;0;0;0
vonda;Name;1;0;0;1;0;0;5;5;0;0;0;5;2;3;0;0;0;0;0;0;0;0;0;0;0
luvenia;Name;1;0;0;1;0;0;7;7;0;0;0;7;4;3;0;0;0;0;0;0;0;0;0;0;0
natividad;Name;0;0;0;1;0;0;9;6;0;0;0;9;4;5;0;0;0;0;0;0;0;0;0;0;0
khadijah;Name;0;0;0;1;0;0;8;6;0;0;0;8;3;5;0;0;0;0;0;0;0;0;0;0;0
brenda;Name;1;0;0;1;0;0;6;6;0;0;0;6;2;4;0;0;0;0;0;0;0;0;0;0;0
marisol;Name;0;0;0;1;0;0;7;7;0;0;0;7;3;4;0;0;0;0;0;0;0;0;0;0;0
charita;Name;1;0;0;1;0;0;7;6;0;0;0;7;3;4;0;0;0;0;0;0;0;0;0;0;0
tabitha;Name;1;0;0;1;0;0;7;5;0;0;0;7;3;4;0;0;0;0;0;0;0;0;0;0;0
emogene;Name;1;1;0;1;0;0;7;5;0;0;0;7;4;3;0;0;0;0;0;0;0;0;0;0;0
lyndon;Name;0;0;0;1;0;0;6;5;0;0;0;6;1;5;0;0;0;0;0;0;0;0;0;0;0
clora;Name;1;0;0;1;0;0;5;5;0;0;0;5;2;3;0;0;0;0;0;0;0;0;0;0;0
clifton;Name;0;0;0;1;0;0;7;7;0;0;0;7;2;5;0;0;0;0;0;0;0;0;0;0;0
trudi;Name;1;0;0;1;0;0;5;5;0;0;0;5;2;3;0;0;0;0;0;0;0;0;0;0;0
shanon;Name;0;0;0;1;0;0;6;5;0;0;0;6;2;4;0;0;0;0;0;0;0;0;0;0;0
eleanora;Name;1;1;0;1;0;0;8;6;0;0;0;8;5;3;0;0;0;0;0;0;0;0;0;0;0
merrill;Name;0;0;0;1;0;0;7;5;0;0;0;7;2;5;0;0;0;0;0;0;0;0;0;0;0
benito;Name;1;0;0;1;0;0;6;6;0;0;0;6;3;3;0;0;0;0;0;0;0;0;0;0;0
contessa;Name;1;0;0;1;0;0;8;7;0;0;0;8;3;5;0;0;0;0;0;0;0;0;0;0;0
reuben;Name;0;0;0;1;0;0;6;5;0;0;0;6;3;3;0;0;0;0;0;0;0;0;0;0;0
mari;Name;1;0;0;1;0;0;4;4;0;0;0;4;2;2;0;0;0;0;0;0;0;0;0;0;0
tula;Name;1;0;0;1;0;0;4;4;0;0;0;4;2;2;0;0;0;0;0;0;0;0;0;0;0
richard;Name;0;0;0;1;0;0;7;6;0;0;0;7;2;5;0;0;0;0;0;0;0;0;0;0;0
patty;Name;0;0;0;1;0;0;5;4;0;0;0;5;1;4;0;0;0;0;0;0;0;0;0;0;0
loreta;Name;1;0;0;1;0;0;6;6;0;0;0;6;3;3;0;0;0;0;0;0;0;0;0;0;0
sheree;Name;1;0;0;1;0;0;6;4;0;0;0;6;3;3;0;0;0;0;0;0;0;0;0;0;0
robert;Name;0;0;0;1;0;0;6;5;0;0;0;6;2;4;0;0;0;0;0;0;0;0;0;0;0
whitney;Name;0;0;0;1;0;0;7;7;0;0;0;7;2;5;0;0;0;0;0;0;0;0;0;0;0
marx;Name;0;0;0;1;0;0;4;4;0;0;0;4;1;3;0;0;0;0;0;0;0;0;0;0;1
krystal;Name;0;0;0;1;0;0;7;7;0;0;0;7;1;6;0;0;0;0;0;0;0;0;0;0;0
donnell;Name;0;0;0;1;0;0;7;5;0;0;0;7;2;5;0;0;0;0;0;0;0;0;0;0;0
michelina;Name;1;0;0;1;0;0;9;8;0;0;0;9;4;5;0;0;0;0;0;0;0;0;0;0;0
marc;Name;0;0;0;1;0;0;4;4;0;0;0;4;1;3;0;0;0;0;0;0;0;0;0;0;0
odell;Name;0;1;0;1;0;0;5;4;0;0;0;5;2;3;0;0;0;0;0;0;0;0;0;0;0
arnold;Name;0;1;0;1;0;0;6;6;0;0;0;6;2;4;0;0;0;0;0;0;0;0;0;0;0
chang;Name;0;0;0;1;0;0;5;5;0;0;0;5;1;4;0;0;0;0;0;0;0;0;0;0;0
nevada;Name;1;0;0;1;0;0;6;5;0;0;0;6;3;3;0;0;0;0;0;0;0;0;0;0;0
cecil;Name;0;0;0;1;0;0;5;4;0;0;0;5;2;3;0;0;0;0;0;0;0;0;0;0;0
boyce;Name;1;0;0;1;0;0;5;5;0;0;0;5;2;3;0;0;0;0;0;0;0;0;0;0;0
hugo;Name;1;0;0;1;0;0;4;4;0;0;0;4;2;2;0;0;0;0;0;0;0;0;0;0;0
particia;Name;1;0;0;1;0;0;8;6;0;0;0;8;4;4;0;0;0;0;0;0;0;0;0;0;0
lelah;Name;0;0;0;1;0;0;5;4;0;0;0;5;2;3;0;0;0;0;0;0;0;0;0;0;0
frederic;Name;0;0;0;1;0;0;8;6;0;0;0;8;3;5;0;0;0;0;0;0;0;0;0;0;0
august;Name;0;1;0;1;0;0;6;5;0;0;0;6;3;3;0;0;0;0;0;0;0;0;0;0;0
rickie;Name;1;0;0;1;0;0;6;5;0;0;0;6;3;3;0;0;0;0;0;0;0;0;0;0;0
earnestine;Name;1;1;0;1;0;0;10;7;0;0;0;10;5;5;0;0;0;0;0;0;0;0;0;0;0
gary;Name;0;0;0;1;0;0;4;4;0;0;0;4;1;3;0;0;0;0;0;0;0;0;0;0;0
suk;Name;0;0;0;1;0;0;3;3;0;0;0;3;1;2;0;0;0;0;0;0;0;0;0;0;0
antoine;Name;1;1;0;1;0;0;7;6;0;0;0;7;4;3;0;0;0;0;0;0;0;0;0;0;0
anderson;Name;0;1;0;1;0;0;8;7;0;0;0;8;3;5;0;0;0;0;0;0;0;0;0;0;0
adrianne;Name;1;1;0;1;0;0;8;6;0;0;0;8;4;4;0;0;0;0;0;0;0;0;0;0;0
huey;Name;0;0;0;1;0;0;4;4;0;0;0;4;2;2;0;0;0;0;0;0;0;0;0;0;0
camelia;Name;1;0;0;1;0;0;7;6;0;0;0;7;4;3;0;0;0;0;0;0;0;0;0;0;0
manuel;Name;0;0;0;1;0;0;6;6;0;0;0;6;3;3;0;0;0;0;0;0;0;0;0;0;0
shirley;Name;0;0;0;1;0;0;7;7;0;0;0;7;2;5;0;0;0;0;0;0;0;0;0;0;0
eryn;Name;0;1;0;1;0;0;4;4;0;0;0;4;1;3;0;0;0;0;0;0;0;0;0;0;0
coral;Name;0;0;0;1;0;0;5;5;0;0;0;5;2;3;0;0;0;0;0;0;0;0;0;0;0
keven;Name;0;0;0;1;0;0;5;4;0;0;0;5;2;3;0;0;0;0;0;0;0;0;0;0;0
serina;Name;1;0;0;1;0;0;6;6;0;0;0;6;3;3;0;0;0;0;0;0;0;0;0;0;0
alfredo;Name;1;1;0;1;0;0;7;7;0;0;0;7;3;4;0;0;0;0;0;0;0;0;0;0;0
leida;Name;1;0;0;1;0;0;5;5;0;0;0;5;3;2;0;0;0;0;0;0;0;0;0;0;0
alexia;Name;1;1;0;1;0;0;6;5;0;0;0;6;4;2;0;0;0;0;0;0;0;0;0;0;1
alejandro;Name;1;1;0;1;0;0;9;8;0;0;0;9;4;5;0;0;0;0;0;0;0;0;0;0;0
weston;Name;0;0;0;1;0;0;6;6;0;0;0;6;2;4;0;0;0;0;0;0;0;0;0;0;0
jenelle;Name;1;0;0;1;0;0;7;4;0;0;0;7;3;4;0;0;0;0;0;0;0;0;0;0;0
laurinda;Name;1;0;0;1;0;0;8;7;0;0;0;8;4;4;0;0;0;0;0;0;0;0;0;0;0
richelle;Name;1;0;0;1;0;0;8;6;0;0;0;8;3;5;0;0;0;0;0;0;0;0;0;0;0
jerald;Name;0;0;0;1;0;0;6;6;0;0;0;6;2;4;0;0;0;0;0;0;0;0;0;0;0
rosamond;Name;0;0;0;1;0;0;8;7;0;0;0;8;3;5;0;0;0;0;0;0;0;0;0;0;0
helen;Name;0;0;0;1;0;0;5;4;0;0;0;5;2;3;0;0;0;0;0;0;0;0;0;0;0
sol;Name;0;0;0;1;0;0;3;3;0;0;0;3;1;2;0;0;0;0;0;0;0;0;0;0;0
lashell;Name;0;0;0;1;0;0;7;5;0;0;0;7;2;5;0;0;0;0;0;0;0;0;0;0;0
manuela;Name;1;0;0;1;0;0;7;6;0;0;0;7;4;3;0;0;0;0;0;0;0;0;0;0;0
ezekiel;Name;0;1;0;1;0;0;7;5;0;0;0;7;4;3;0;0;0;0;0;0;0;0;0;0;0
deanne;Name;1;0;0;1;0;0;6;4;0;0;0;6;3;3;0;0;0;0;0;0;0;0;0;0;0
jeffrey;Name;0;0;0;1;0;0;7;5;0;0;0;7;2;5;0;0;0;0;0;0;0;0;0;0;0
louvenia;Name;1;0;0;1;0;0;8;8;0;0;0;8;5;3;0;0;0;0;0;0;0;0;0;0;0
lanelle;Name;1;0;0;1;0;0;7;4;0;0;0;7;3;4;0;0;0;0;0;0;0;0;0;0;0
lauralee;Name;1;0;0;1;0;0;8;5;0;0;0;8;5;3;0;0;0;0;0;0;0;0;0;0;0
warner;Name;0;0;0;1;0;0;6;5;0;0;0;6;2;4;0;0;0;0;0;0;0;0;0;0;0
mckinley;Name;0;0;0;1;0;0;8;8;0;0;0;8;2;6;0;0;0;0;0;0;0;0;0;0;0
jarod;Name;0;0;0;1;0;0;5;5;0;0;0;5;2;3;0;0;0;0;0;0;0;0;0;0;0
andera;Name;1;1;0;1;0;0;6;5;0;0;0;6;3;3;0;0;0;0;0;0;0;0;0;0;0
jacqueline;Name;1;0;0;1;0;0;10;9;0;0;0;10;5;5;0;0;0;0;0;0;0;0;0;0;0
edgardo;Name;1;1;0;1;0;0;7;6;0;0;0;7;3;4;0;0;0;0;0;0;0;0;0;0;0
ian;Name;0;1;0;1;0;0;3;3;0;0;0;3;2;1;0;0;0;0;0;0;0;0;0;0;0
antone;Name;1;1;0;1;0;0;6;5;0;0;0;6;3;3;0;0;0;0;0;0;0;0;0;0;0
shandra;Name;1;0;0;1;0;0;7;6;0;0;0;7;2;5;0;0;0;0;0;0;0;0;0;0;0
lauran;Name;0;0;0;1;0;0;6;5;0;0;0;6;3;3;0;0;0;0;0;0;0;0;0;0;0
fermin;Name;0;0;0;1;0;0;6;6;0;0;0;6;2;4;0;0;0;0;0;0;0;0;0;0;0
hilton;Name;0;0;0;1;0;0;6;6;0;0;0;6;2;4;0;0;0;0;0;0;0;0;0;0;0
isreal;Name;0;1;0;1;0;0;6;6;0;0;0;6;3;3;0;0;0;0;0;0;0;0;0;0;0
jacob;Name;0;0;0;1;0;0;5;5;0;0;0;5;2;3;0;0;0;0;0;0;0;0;0;0;0
jeane;Name;1;0;0;1;0;0;5;4;0;0;0;5;3;2;0;0;0;0;0;0;0;0;0;0;0
kenia;Name;1;0;0;1;0;0;5;5;0;0;0;5;3;2;0;0;0;0;0;0;0;0;0;0;0
ivy;Name;0;1;0;1;0;0;3;3;0;0;0;3;1;2;0;0;0;0;0;0;0;0;0;0;0
monty;Name;0;0;0;1;0;0;5;5;0;0;0;5;1;4;0;0;0;0;0;0;0;0;0;0;0
man;Name;0;0;0;1;0;0;3;3;0;0;0;3;1;2;0;0;0;0;0;0;0;0;0;0;0
marcus;Name;0;0;0;1;0;0;6;6;0;0;0;6;2;4;0;0;0;0;0;0;0;0;0;0;0
gwenda;Name;1;0;0;1;0;0;6;6;0;0;0;6;2;4;0;0;0;0;0;0;0;0;0;0;0
andreas;Name;0;1;0;1;0;0;7;6;0;0;0;7;3;4;0;0;0;0;0;0;0;0;0;0;0
anabel;Name;0;1;0;1;0;0;6;5;0;0;0;6;3;3;0;0;0;0;0;0;0;0;0;0;0
cole;Name;1;0;0;1;0;0;4;4;0;0;0;4;2;2;0;0;0;0;0;0;0;0;0;0;0
esta;Name;1;1;0;1;0;0;4;4;0;0;0;4;2;2;0;0;0;0;0;0;0;0;0;0;0
delilah;Name;0;0;0;1;0;0;7;6;0;0;0;7;3;4;0;0;0;0;0;0;0;0;0;0;0
corie;Name;1;0;0;1;0;0;5;5;0;0;0;5;3;2;0;0;0;0;0;0;0;0;0;0;0
madie;Name;1;0;0;1;0;0;5;5;0;0;0;5;3;2;0;0;0;0;0;0;0;0;0;0;0
nickie;Name;1;0;0;1;0;0;6;5;0;0;0;6;3;3;0;0;0;0;0;0;0;0;0;0;0
roosevelt;Name;0;0;0;1;0;0;9;7;0;0;0;9;4;5;0;0;0;0;0;0;0;0;0;0;0
lindsey;Name;0;0;0;1;0;0;7;7;0;0;0;7;2;5;0;0;0;0;0;0;0;0;0;0;0
adell;Name;0;1;0;1;0;0;5;4;0;0;0;5;2;3;0;0;0;0;0;0;0;0;0;0;0
milo;Name;1;0;0;1;0;0;4;4;0;0;0;4;2;2;0;0;0;0;0;0;0;0;0;0;0
lynwood;Name;0;0;0;1;0;0;7;6;0;0;0;7;2;5;0;0;0;0;0;0;0;0;0;0;0
hugh;Name;0;0;0;1;0;0;4;3;0;0;0;4;1;3;0;0;0;0;0;0;0;0;0;0;0
oswaldo;Name;1;1;0;1;0;0;7;6;0;0;0;7;3;4;0;0;0;0;0;0;0;0;0;0;0
celinda;Name;1;0;0;1;0;0;7;7;0;0;0;7;3;4;0;0;0;0;0;0;0;0;0;0;0
yvonne;Name;1;0;0;1;0;0;6;5;0;0;0;6;2;4;0;0;0;0;0;0;0;0;0;0;0
ron;Name;0;0;0;1;0;0;3;3;0;0;0;3;1;2;0;0;0;0;0;0;0;0;0;0;0
fritz;Name;0;0;0;1;0;0;5;5;0;0;0;5;1;4;0;0;0;0;0;0;0;0;0;0;0
nelson;Name;0;0;0;1;0;0;6;5;0;0;0;6;2;4;0;0;0;0;0;0;0;0;0;0;0
jeromy;Name;0;0;0;1;0;0;6;6;0;0;0;6;2;4;0;0;0;0;0;0;0;0;0;0;0
mana;Name;1;0;0;1;0;0;4;3;0;0;0;4;2;2;0;0;0;0;0;0;0;0;0;0;0
aldo;Name;1;1;0;1;0;0;4;4;0;0;0;4;2;2;0;0;0;0;0;0;0;0;0;0;0
floria;Name;1;0;0;1;0;0;6;6;0;0;0;6;3;3;0;0;0;0;0;0;0;0;0;0;0
delbert;Name;0;0;0;1;0;0;7;6;0;0;0;7;2;5;0;0;0;0;0;0;0;0;0;0;0
lauretta;Name;1;0;0;1;0;0;8;6;0;0;0;8;4;4;0;0;0;0;0;0;0;0;0;0;0
nathanael;Name;0;0;0;1;0;0;9;6;0;0;0;9;4;5;0;0;0;0;0;0;0;0;0;0;0
frederick;Name;0;0;0;1;0;0;9;7;0;0;0;9;3;6;0;0;0;0;0;0;0;0;0;0;0
kimberlee;Name;1;0;0;1;0;0;9;7;0;0;0;9;4;5;0;0;0;0;0;0;0;0;0;0;0
krysta;Name;1;0;0;1;0;0;6;6;0;0;0;6;1;5;0;0;0;0;0;0;0;0;0;0;0
buddy;Name;0;0;0;1;0;0;5;4;0;0;0;5;1;4;0;0;0;0;0;0;0;0;0;0;0
carmelo;Name;1;0;0;1;0;0;7;7;0;0;0;7;3;4;0;0;0;0;0;0;0;0;0;0;0
elmo;Name;1;1;0;1;0;0;4;4;0;0;0;4;2;2;0;0;0;0;0;0;0;0;0;0;0
tanika;Name;1;0;0;1;0;0;6;5;0;0;0;6;3;3;0;0;0;0;0;0;0;0;0;0;0
garry;Name;0;0;0;1;0;0;5;4;0;0;0;5;1;4;0;0;0;0;0;0;0;0;0;0;0
trey;Name;0;0;0;1;0;0;4;4;0;0;0;4;1;3;0;0;0;0;0;0;0;0;0;0;0
eric;Name;0;1;0;1;0;0;4;4;0;0;0;4;2;2;0;0;0;0;0;0;0;0;0;0;0
kourtney;Name;0;0;0;1;0;0;8;8;0;0;0;8;3;5;0;0;0;0;0;0;0;0;0;0;0
fabian;Name;0;0;0;1;0;0;6;5;0;0;0;6;3;3;0;0;0;0;0;0;0;0;0;0;0
enoch;Name;0;1;0;1;0;0;5;5;0;0;0;5;2;3;0;0;0;0;0;0;0;0;0;0;0
renna;Name;1;0;0;1;0;0;5;4;0;0;0;5;2;3;0;0;0;0;0;0;0;0;0;0;0
carley;Name;0;0;0;1;0;0;6;6;0;0;0;6;2;4;0;0;0;0;0;0;0;0;0;0;0
jae;Name;1;0;0;1;0;0;3;3;0;0;0;3;2;1;0;0;0;0;0;0;0;0;0;0;0
aiko;Name;1;1;0;1;0;0;4;4;0;0;0;4;3;1;0;0;0;0;0;0;0;0;0;0;0
tomas;Name;0;0;0;1;0;0;5;5;0;0;0;5;2;3;0;0;0;0;0;0;0;0;0;0;0
ricky;Name;0;0;0;1;0;0;5;5;0;0;0;5;1;4;0;0;0;0;0;0;0;0;0;0;0
vincenzo;Name;1;0;0;1;0;0;8;7;0;0;0;8;3;5;0;0;0;0;0;0;0;0;0;0;0
henry;Name;0;0;0;1;0;0;5;5;0;0;0;5;1;4;0;0;0;0;0;0;0;0;0;0;0
hollis;Name;0;0;0;1;0;0;6;5;0;0;0;6;2;4;0;0;0;0;0;0;0;0;0;0;0
edwin;Name;0;1;0;1;0;0;5;5;0;0;0;5;2;3;0;0;0;0;0;0;0;0;0;0;0
geoffrey;Name;0;0;0;1;0;0;8;6;0;0;0;8;3;5;0;0;0;0;0;0;0;0;0;0;0
bobbi;Name;1;0;0;1;0;0;5;3;0;0;0;5;2;3;0;0;0;0;0;0;0;0;0;0;0
tabetha;Name;1;0;0;1;0;0;7;5;0;0;0;7;3;4;0;0;0;0;0;0;0;0;0;0;0
terry;Name;0;0;0;1;0;0;5;4;0;0;0;5;1;4;0;0;0;0;0;0;0;0;0;0;0
yahaira;Name;1;0;0;1;0;0;7;5;0;0;0;7;4;3;0;0;0;0;0;0;0;0;0;0;0
raymundo;Name;1;0;0;1;0;0;8;8;0;0;0;8;3;5;0;0;0;0;0;0;0;0;0;0;0
bernardina;Name;1;0;0;1;0;0;10;7;0;0;0;10;4;6;0;0;0;0;0;0;0;0;0;0;0
alesia;Name;1;1;0;1;0;0;6;5;0;0;0;6;4;2;0;0;0;0;0;0;0;0;0;0;0
danial;Name;0;0;0;1;0;0;6;5;0;0;0;6;3;3;0;0;0;0;0;0;0;0;0;0;0
nigel;Name;0;0;0;1;0;0;5;5;0;0;0;5;2;3;0;0;0;0;0;0;0;0;0;0;0
nga;Name;1;0;0;1;0;0;3;3;0;0;0;3;1;2;0;0;0;0;0;0;0;0;0;0;0
mafalda;Name;1;0;0;1;0;0;7;5;0;0;0;7;3;4;0;0;0;0;0;0;0;0;0;0;0
efren;Name;0;1;0;1;0;0;5;4;0;0;0;5;2;3;0;0;0;0;0;0;0;0;0;0;0
kera;Name;1;0;0;1;0;0;4;4;0;0;0;4;2;2;0;0;0;0;0;0;0;0;0;0;0
sharan;Name;0;0;0;1;0;0;6;5;0;0;0;6;2;4;0;0;0;0;0;0;0;0;0;0;0
del;Name;0;0;0;1;0;0;3;3;0;0;0;3;1;2;0;0;0;0;0;0;0;0;0;0;0
greg;Name;0;0;0;1;0;0;4;3;0;0;0;4;1;3;0;0;0;0;0;0;0;0;0;0;0
ashlee;Name;1;1;0;1;0;0;6;5;0;0;0;6;3;3;0;0;0;0;0;0;0;0;0;0;0
abel;Name;0;1;0;1;0;0;4;4;0;0;0;4;2;2;0;0;0;0;0;0;0;0;0;0;0
tien;Name;0;0;0;1;0;0;4;4;0;0;0;4;2;2;0;0;0;0;0;0;0;0;0;0;0
willene;Name;1;0;0;1;0;0;7;5;0;0;0;7;3;4;0;0;0;0;0;0;0;0;0;0;0
damian;Name;0;0;0;1;0;0;6;5;0;0;0;6;3;3;0;0;0;0;0;0;0;0;0;0;0
suzanna;Name;1;0;0;1;0;0;7;5;0;0;0;7;3;4;0;0;0;0;0;0;0;0;0;0;0
renaldo;Name;1;0;0;1;0;0;7;7;0;0;0;7;3;4;0;0;0;0;0;0;0;0;0;0;0
abraham;Name;0;1;0;1;0;0;7;5;0;0;0;7;3;4;0;0;0;0;0;0;0;0;0;0;0
jamar;Name;0;0;0;1;0;0;5;4;0;0;0;5;2;3;0;0;0;0;0;0;0;0;0;0;0
abe;Name;1;1;0;1;0;0;3;3;0;0;0;3;2;1;0;0;0;0;0;0;0;0;0;0;0
louie;Name;1;0;0;1;0;0;5;5;0;0;0;5;4;1;0;0;0;0;0;0;0;0;0;0;0
jude;Name;1;0;0;1;0;0;4;4;0;0;0;4;2;2;0;0;0;0;0;0;0;0;0;0;0
jessie;Name;1;0;0;1;0;0;6;4;0;0;0;6;3;3;0;0;0;0;0;0;0;0;0;0;0
bernie;Name;1;0;0;1;0;0;6;5;0;0;0;6;3;3;0;0;0;0;0;0;0;0;0;0;0
fred;Name;0;0;0;1;0;0;4;4;0;0;0;4;1;3;0;0;0;0;0;0;0;0;0;0;0
quincy;Name;0;0;0;1;0;0;6;6;0;0;0;6;2;4;0;0;0;0;0;0;0;0;0;0;0
alina;Name;1;1;0;1;0;0;5;4;0;0;0;5;3;2;0;0;0;0;0;0;0;0;0;0;0
clarisa;Name;1;0;0;1;0;0;7;6;0;0;0;7;3;4;0;0;0;0;0;0;0;0;0;0;0
marianela;Name;1;0;0;1;0;0;9;7;0;0;0;9;5;4;0;0;0;0;0;0;0;0;0;0;0
santos;Name;0;0;0;1;0;0;6;5;0;0;0;6;2;4;0;0;0;0;0;0;0;0;0;0;0
jeff;Name;0;0;0;1;0;0;4;3;0;0;0;4;1;3;0;0;0;0;0;0;0;0;0;0;0
laci;Name;1;0;0;1;0;0;4;4;0;0;0;4;2;2;0;0;0;0;0;0;0;0;0;0;0
verline;Name;1;0;0;1;0;0;7;6;0;0;0;7;3;4;0;0;0;0;0;0;0;0;0;0;0
dante;Name;1;0;0;1;0;0;5;5;0;0;0;5;2;3;0;0;0;0;0;0;0;0;0;0;0
willy;Name;0;0;0;1;0;0;5;4;0;0;0;5;1;4;0;0;0;0;0;0;0;0;0;0;0
queen;Name;0;0;0;1;0;0;5;4;0;0;0;5;3;2;0;0;0;0;0;0;0;0;0;0;0
billie;Name;1;0;0;1;0;0;6;4;0;0;0;6;3;3;0;0;0;0;0;0;0;0;0;0;0
otha;Name;1;1;0;1;0;0;4;4;0;0;0;4;2;2;0;0;0;0;0;0;0;0;0;0;0
tori;Name;1;0;0;1;0;0;4;4;0;0;0;4;2;2;0;0;0;0;0;0;0;0;0;0;0
johnny;Name;0;0;0;1;0;0;6;5;0;0;0;6;1;5;0;0;0;0;0;0;0;0;0;0;0
aurelio;Name;1;1;0;1;0;0;7;7;0;0;0;7;5;2;0;0;0;0;0;0;0;0;0;0;0
micha;Name;1;0;0;1;0;0;5;5;0;0;0;5;2;3;0;0;0;0;0;0;0;0;0;0;0
clelia;Name;1;0;0;1;0;0;6;5;0;0;0;6;3;3;0;0;0;0;0;0;0;0;0;0;0
abbie;Name;1;1;0;1;0;0;5;4;0;0;0;5;3;2;0;0;0;0;0;0;0;0;0;0;0
lavone;Name;1;0;0;1;0;0;6;6;0;0;0;6;3;3;0;0;0;0;0;0;0;0;0;0;0
frank;Name;0;0;0;1;0;0;5;5;0;0;0;5;1;4;0;0;0;0;0;0;0;0;0;0;0
jayson;Name;0;0;0;1;0;0;6;6;0;0;0;6;2;4;0;0;0;0;0;0;0;0;0;0;0
lissa;Name;1;0;0;1;0;0;5;4;0;0;0;5;2;3;0;0;0;0;0;0;0;0;0;0;0
reginald;Name;0;0;0;1;0;0;8;8;0;0;0;8;3;5;0;0;0;0;0;0;0;0;0;0;0
claude;Name;1;0;0;1;0;0;6;6;0;0;0;6;3;3;0;0;0;0;0;0;0;0;0;0;0
amado;Name;1;1;0;1;0;0;5;4;0;0;0;5;3;2;0;0;0;0;0;0;0;0;0;0;0
orlando;Name;1;1;0;1;0;0;7;6;0;0;0;7;3;4;0;0;0;0;0;0;0;0;0;0;0
jenise;Name;1;0;0;1;0;0;6;5;0;0;0;6;3;3;0;0;0;0;0;0;0;0;0;0;0
bev;Name;0;0;0;1;0;0;3;3;0;0;0;3;1;2;0;0;0;0;0;0;0;0;0;0;0
lynelle;Name;1;0;0;1;0;0;7;4;0;0;0;7;2;5;0;0;0;0;0;0;0;0;0;0;0
kathlene;Name;1;0;0;1;0;0;8;7;0;0;0;8;3;5;0;0;0;0;0;0;0;0;0;0;0
barrett;Name;0;0;0;1;0;0;7;5;0;0;0;7;2;5;0;0;0;0;0;0;0;0;0;0;0
heike;Name;1;0;0;1;0;0;5;4;0;0;0;5;3;2;0;0;0;0;0;0;0;0;0;0;0
ladonna;Name;1;0;0;1;0;0;7;5;0;0;0;7;3;4;0;0;0;0;0;0;0;0;0;0;0
eldon;Name;0;1;0;1;0;0;5;5;0;0;0;5;2;3;0;0;0;0;0;0;0;0;0;0;0
bobbye;Name;1;0;0;1;0;0;6;4;0;0;0;6;2;4;0;0;0;0;0;0;0;0;0;0;0
sal;Name;0;0;0;1;0;0;3;3;0;0;0;3;1;2;0;0;0;0;0;0;0;0;0;0;0
ingrid;Name;0;1;0;1;0;0;6;5;0;0;0;6;2;4;0;0;0;0;0;0;0;0;0;0;0
gwendolyn;Name;0;0;0;1;0;0;9;8;0;0;0;9;2;7;0;0;0;0;0;0;0;0;0;0;0
breana;Name;1;0;0;1;0;0;6;5;0;0;0;6;3;3;0;0;0;0;0;0;0;0;0;0;0
marcella;Name;1;0;0;1;0;0;8;6;0;0;0;8;3;5;0;0;0;0;0;0;0;0;0;0;0
craig;Name;0;0;0;1;0;0;5;5;0;0;0;5;2;3;0;0;0;0;0;0;0;0;0;0;0
maryetta;Name;1;0;0;1;0;0;8;6;0;0;0;8;3;5;0;0;0;0;0;0;0;0;0;0;0
rene;Name;1;0;0;1;0;0;4;3;0;0;0;4;2;2;0;0;0;0;0;0;0;0;0;0;0
francesco;Name;1;0;0;1;0;0;9;8;0;0;0;9;3;6;0;0;0;0;0;0;0;0;0;0;0
joye;Name;1;0;0;1;0;0;4;4;0;0;0;4;2;2;0;0;0;0;0;0;0;0;0;0;0
lee;Name;1;0;0;1;0;0;3;2;0;0;0;3;2;1;0;0;0;0;0;0;0;0;0;0;0
keri;Name;1;0;0;1;0;0;4;4;0;0;0;4;2;2;0;0;0;0;0;0;0;0;0;0;0
thurman;Name;0;0;0;1;0;0;7;7;0;0;0;7;2;5;0;0;0;0;0;0;0;0;0;0;0
millie;Name;1;0;0;1;0;0;6;4;0;0;0;6;3;3;0;0;0;0;0;0;0;0;0;0;0
loan;Name;0;0;0;1;0;0;4;4;0;0;0;4;2;2;0;0;0;0;0;0;0;0;0;0;0
spencer;Name;0;0;0;1;0;0;7;6;0;0;0;7;2;5;0;0;0;0;0;0;0;0;0;0;0
cleo;Name;1;0;0;1;0;0;4;4;0;0;0;4;2;2;0;0;0;0;0;0;0;0;0;0;0
wiley;Name;0;0;0;1;0;0;5;5;0;0;0;5;2;3;0;0;0;0;0;0;0;0;0;0;0
rey;Name;0;0;0;1;0;0;3;3;0;0;0;3;1;2;0;0;0;0;0;0;0;0;0;0;0
marlyn;Name;0;0;0;1;0;0;6;6;0;0;0;6;1;5;0;0;0;0;0;0;0;0;0;0;0
alba;Name;1;1;0;1;0;0;4;3;0;0;0;4;2;2;0;0;0;0;0;0;0;0;0;0;0
evelia;Name;1;1;0;1;0;0;6;5;0;0;0;6;4;2;0;0;0;0;0;0;0;0;0;0;0
sylvester;Name;0;0;0;1;0;0;9;7;0;0;0;9;2;7;0;0;0;0;0;0;0;0;0;0;0
zackary;Name;0;0;0;1;0;0;7;6;0;0;0;7;2;5;0;0;0;0;0;0;0;0;0;0;0
arnulfo;Name;1;1;0;1;0;0;7;7;0;0;0;7;3;4;0;0;0;0;0;0;0;0;0;0;0
doreen;Name;0;0;0;1;0;0;6;5;0;0;0;6;3;3;0;0;0;0;0;0;0;0;0;0;0
monte;Name;1;0;0;1;0;0;5;5;0;0;0;5;2;3;0;0;0;0;0;0;0;0;0;0;0
kathi;Name;1;0;0;1;0;0;5;5;0;0;0;5;2;3;0;0;0;0;0;0;0;0;0;0;0
mandi;Name;1;0;0;1;0;0;5;5;0;0;0;5;2;3;0;0;0;0;0;0;0;0;0;0;0
lucio;Name;1;0;0;1;0;0;5;5;0;0;0;5;3;2;0;0;0;0;0;0;0;0;0;0;0
dierdre;Name;1;0;0;1;0;0;7;4;0;0;0;7;3;4;0;0;0;0;0;0;0;0;0;0;0
missy;Name;0;0;0;1;0;0;5;4;0;0;0;5;1;4;0;0;0;0;0;0;0;0;0;0;0
julius;Name;0;0;0;1;0;0;6;5;0;0;0;6;3;3;0;0;0;0;0;0;0;0;0;0;0
lula;Name;1;0;0;1;0;0;4;3;0;0;0;4;2;2;0;0;0;0;0;0;0;0;0;0;0
elbert;Name;0;1;0;1;0;0;6;5;0;0;0;6;2;4;0;0;0;0;0;0;0;0;0;0;0
tracey;Name;0;0;0;1;0;0;6;6;0;0;0;6;2;4;0;0;0;0;0;0;0;0;0;0;0
herma;Name;1;0;0;1;0;0;5;5;0;0;0;5;2;3;0;0;0;0;0;0;0;0;0;0;0
lewis;Name;0;0;0;1;0;0;5;5;0;0;0;5;2;3;0;0;0;0;0;0;0;0;0;0;0
eloy;Name;0;1;0;1;0;0;4;4;0;0;0;4;2;2;0;0;0;0;0;0;0;0;0;0;0
octavia;Name;1;1;0;1;0;0;7;6;0;0;0;7;4;3;0;0;0;0;0;0;0;0;0;0;0
shawnta;Name;1;0;0;1;0;0;7;6;0;0;0;7;2;5;0;0;0;0;0;0;0;0;0;0;0
hayden;Name;0;0;0;1;0;0;6;6;0;0;0;6;2;4;0;0;0;0;0;0;0;0;0;0;0
russel;Name;0;0;0;1;0;0;6;5;0;0;0;6;2;4;0;0;0;0;0;0;0;0;0;0;0
michele;Name;1;0;0;1;0;0;7;6;0;0;0;7;3;4;0;0;0;0;0;0;0;0;0;0;0
angel;Name;0;1;0;1;0;0;5;5;0;0;0;5;2;3;0;0;0;0;0;0;0;0;0;0;0
ellyn;Name;0;1;0;1;0;0;5;4;0;0;0;5;1;4;0;0;0;0;0;0;0;0;0;0;0
keira;Name;1;0;0;1;0;0;5;5;0;0;0;5;3;2;0;0;0;0;0;0;0;0;0;0;0
alphonse;Name;1;1;0;1;0;0;8;8;0;0;0;8;3;5;0;0;0;0;0;0;0;0;0;0;0
siobhan;Name;0;0;0;1;0;0;7;7;0;0;0;7;3;4;0;0;0;0;0;0;0;0;0;0;0
shonta;Name;1;0;0;1;0;0;6;6;0;0;0;6;2;4;0;0;0;0;0;0;0;0;0;0;0
denise;Name;1;0;0;1;0;0;6;5;0;0;0;6;3;3;0;0;0;0;0;0;0;0;0;0;0
gayle;Name;1;0;0;1;0;0;5;5;0;0;0;5;2;3;0;0;0;0;0;0;0;0;0;0;0
lillian;Name;0;0;0;1;0;0;7;4;0;0;0;7;3;4;0;0;0;0;0;0;0;0;0;0;0
deshawn;Name;0;0;0;1;0;0;7;7;0;0;0;7;2;5;0;0;0;0;0;0;0;0;0;0;0
georgiana;Name;1;0;0;1;0;0;9;7;0;0;0;9;5;4;0;0;0;0;0;0;0;0;0;0;0
marta;Name;1;0;0;1;0;0;5;4;0;0;0;5;2;3;0;0;0;0;0;0;0;0;0;0;0
adrianna;Name;1;1;0;1;0;0;8;5;0;0;0;8;4;4;0;0;0;0;0;0;0;0;0;0;0
carolin;Name;0;0;0;1;0;0;7;7;0;0;0;7;3;4;0;0;0;0;0;0;0;0;0;0;0
laverne;Name;1;0;0;1;0;0;7;6;0;0;0;7;3;4;0;0;0;0;0;0;0;0;0;0;0
rosamaria;Name;1;0;0;1;0;0;9;6;0;0;0;9;5;4;0;0;0;0;0;0;0;0;0;0;0
murray;Name;0;0;0;1;0;0;6;5;0;0;0;6;2;4;0;0;0;0;0;0;0;0;0;0;0
jere;Name;1;0;0;1;0;0;4;3;0;0;0;4;2;2;0;0;0;0;0;0;0;0;0;0;0
yuri;Name;1;0;0;1;0;0;4;4;0;0;0;4;2;2;0;0;0;0;0;0;0;0;0;0;0
james;Name;0;0;0;1;0;0;5;5;0;0;0;5;2;3;0;0;0;0;0;0;0;0;0;0;0
eileen;Name;0;1;0;1;0;0;6;4;0;0;0;6;4;2;0;0;0;0;0;0;0;0;0;0;0
kyung;Name;0;0;0;1;0;0;5;5;0;0;0;5;1;4;0;0;0;0;0;0;0;0;0;0;0
ciara;Name;1;0;0;1;0;0;5;4;0;0;0;5;3;2;0;0;0;0;0;0;0;0;0;0;0
anamaria;Name;1;1;0;1;0;0;8;5;0;0;0;8;5;3;0;0;0;0;0;0;0;0;0;0;0
josh;Name;0;0;0;1;0;0;4;4;0;0;0;4;1;3;0;0;0;0;0;0;0;0;0;0;0
santina;Name;1;0;0;1;0;0;7;5;0;0;0;7;3;4;0;0;0;0;0;0;0;0;0;0;0
annalisa;Name;1;1;0;1;0;0;8;5;0;0;0;8;4;4;0;0;0;0;0;0;0;0;0;0;0
charles;Name;0;0;0;1;0;0;7;7;0;0;0;7;2;5;0;0;0;0;0;0;0;0;0;0;0
lorine;Name;1;0;0;1;0;0;6;6;0;0;0;6;3;3;0;0;0;0;0;0;0;0;0;0;0
rosita;Name;1;0;0;1;0;0;6;6;0;0;0;6;3;3;0;0;0;0;0;0;0;0;0;0;0
eldridge;Name;1;1;0;1;0;0;8;6;0;0;0;8;3;5;0;0;0;0;0;0;0;0;0;0;0
cira;Name;1;0;0;1;0;0;4;4;0;0;0;4;2;2;0;0;0;0;0;0;0;0;0;0;0
corrina;Name;1;0;0;1;0;0;7;6;0;0;0;7;3;4;0;0;0;0;0;0;0;0;0;0;0
samual;Name;0;0;0;1;0;0;6;5;0;0;0;6;3;3;0;0;0;0;0;0;0;0;0;0;0
barrie;Name;1;0;0;1;0;0;6;5;0;0;0;6;3;3;0;0;0;0;0;0;0;0;0;0;0
elia;Name;1;1;0;1;0;0;4;4;0;0;0;4;3;1;0;0;0;0;0;0;0;0;0;0;0
phyliss;Name;0;0;0;1;0;0;7;6;0;0;0;7;1;6;0;0;0;0;0;0;0;0;0;0;0
aurore;Name;1;1;0;1;0;0;6;5;0;0;0;6;4;2;0;0;0;0;0;0;0;0;0;0;0
pat;Name;0;0;0;1;0;0;3;3;0;0;0;3;1;2;0;0;0;0;0;0;0;0;0;0;0
darla;Name;1;0;0;1;0;0;5;4;0;0;0;5;2;3;0;0;0;0;0;0;0;0;0;0;0
lizzie;Name;1;0;0;1;0;0;6;4;0;0;0;6;3;3;0;0;0;0;0;0;0;0;0;0;0
janyce;Name;1;0;0;1;0;0;6;6;0;0;0;6;2;4;0;0;0;0;0;0;0;0;0;0;0
neely;Name;0;0;0;1;0;0;5;4;0;0;0;5;2;3;0;0;0;0;0;0;0;0;0;0;0
jonathan;Name;0;0;0;1;0;0;8;6;0;0;0;8;3;5;0;0;0;0;0;0;0;0;0;0;0
alyse;Name;1;1;0;1;0;0;5;5;0;0;0;5;2;3;0;0;0;0;0;0;0;0;0;0;0
dinorah;Name;0;0;0;1;0;0;7;7;0;0;0;7;3;4;0;0;0;0;0;0;0;0;0;0;0
lisandra;Name;1;0;0;1;0;0;8;7;0;0;0;8;3;5;0;0;0;0;0;0;0;0;0;0;0
dustin;Name;0;0;0;1;0;0;6;6;0;0;0;6;2;4;0;0;0;0;0;0;0;0;0;0;0
arlette;Name;1;1;0;1;0;0;7;5;0;0;0;7;3;4;0;0;0;0;0;0;0;0;0;0;0
len;Name;0;0;0;1;0;0;3;3;0;0;0;3;1;2;0;0;0;0;0;0;0;0;0;0;0
jefferey;Name;0;0;0;1;0;0;8;5;0;0;0;8;3;5;0;0;0;0;0;0;0;0;0;0;0
johnathan;Name;0;0;0;1;0;0;9;6;0;0;0;9;3;6;0;0;0;0;0;0;0;0;0;0;0
katheleen;Name;0;0;0;1;0;0;9;7;0;0;0;9;4;5;0;0;0;0;0;0;0;0;0;0;0
jenette;Name;1;0;0;1;0;0;7;4;0;0;0;7;3;4;0;0;0;0;0;0;0;0;0;0;0
cassi;Name;1;0;0;1;0;0;5;4;0;0;0;5;2;3;0;0;0;0;0;0;0;0;0;0;0
eulalia;Name;1;1;0;1;0;0;7;5;0;0;0;7;5;2;0;0;0;0;0;0;0;0;0;0;0
carylon;Name;0;0;0;1;0;0;7;7;0;0;0;7;2;5;0;0;0;0;0;0;0;0;0;0;0
doyle;Name;1;0;0;1;0;0;5;5;0;0;0;5;2;3;0;0;0;0;0;0;0;0;0;0;0
felipe;Name;1;0;0;1;0;0;6;5;0;0;0;6;3;3;0;0;0;0;0;0;0;0;0;0;0
wei;Name;1;0;0;1;0;0;3;3;0;0;0;3;2;1;0;0;0;0;0;0;0;0;0;0;0
corey;Name;0;0;0;1;0;0;5;5;0;0;0;5;2;3;0;0;0;0;0;0;0;0;0;0;0
hubert;Name;0;0;0;1;0;0;6;6;0;0;0;6;2;4;0;0;0;0;0;0;0;0;0;0;0
jocelyn;Name;0;0;0;1;0;0;7;7;0;0;0;7;2;5;0;0;0;0;0;0;0;0;0;0;0
yevette;Name;1;0;0;1;0;0;7;4;0;0;0;7;3;4;0;0;0;0;0;0;0;0;0;0;0
bo;Name;1;0;0;1;0;0;2;2;0;0;0;2;1;1;0;0;0;0;0;0;0;0;0;0;0
jettie;Name;1;0;0;1;0;0;6;4;0;0;0;6;3;3;0;0;0;0;0;0;0;0;0;0;0
lory;Name;0;0;0;1;0;0;4;4;0;0;0;4;1;3;0;0;0;0;0;0;0;0;0;0;0
chan;Name;0;0;0;1;0;0;4;4;0;0;0;4;1;3;0;0;0;0;0;0;0;0;0;0;0
weldon;Name;0;0;0;1;0;0;6;6;0;0;0;6;2;4;0;0;0;0;0;0;0;0;0;0;0
donn;Name;0;0;0;1;0;0;4;3;0;0;0;4;1;3;0;0;0;0;0;0;0;0;0;0;0
nilsa;Name;1;0;0;1;0;0;5;5;0;0;0;5;2;3;0;0;0;0;0;0;0;0;0;0;0
parker;Name;0;0;0;1;0;0;6;5;0;0;0;6;2;4;0;0;0;0;0;0;0;0;0;0;0
trinity;Name;0;0;0;1;0;0;7;5;0;0;0;7;2;5;0;0;0;0;0;0;0;0;0;0;0
tim;Name;0;0;0;1;0;0;3;3;0;0;0;3;1;2;0;0;0;0;0;0;0;0;0;0;0
russ;Name;0;0;0;1;0;0;4;3;0;0;0;4;1;3;0;0;0;0;0;0;0;0;0;0;0
ivana;Name;1;1;0;1;0;0;5;4;0;0;0;5;3;2;0;0;0;0;0;0;0;0;0;0;0
riva;Name;1;0;0;1;0;0;4;4;0;0;0;4;2;2;0;0;0;0;0;0;0;0;0;0;0
julie;Name;1;0;0;1;0;0;5;5;0;0;0;5;3;2;0;0;0;0;0;0;0;0;0;0;0
marco;Name;1;0;0;1;0;0;5;5;0;0;0;5;2;3;0;0;0;0;0;0;0;0;0;0;0
branden;Name;0;0;0;1;0;0;7;6;0;0;0;7;2;5;0;0;0;0;0;0;0;0;0;0;0
stacia;Name;1;0;0;1;0;0;6;5;0;0;0;6;3;3;0;0;0;0;0;0;0;0;0;0;0
octavio;Name;1;1;0;1;0;0;7;6;0;0;0;7;4;3;0;0;0;0;0;0;0;0;0;0;0
farrah;Name;0;0;0;1;0;0;6;4;0;0;0;6;2;4;0;0;0;0;0;0;0;0;0;0;0
soraya;Name;1;0;0;1;0;0;6;5;0;0;0;6;3;3;0;0;0;0;0;0;0;0;0;0;0
robt;Name;0;0;0;1;0;0;4;4;0;0;0;4;1;3;0;0;0;0;0;0;0;0;0;0;0
lupe;Name;1;0;0;1;0;0;4;4;0;0;0;4;2;2;0;0;0;0;0;0;0;0;0;0;0
alfonso;Name;1;1;0;1;0;0;7;6;0;0;0;7;3;4;0;0;0;0;0;0;0;0;0;0;0
patricia;Name;1;0;0;1;0;0;8;6;0;0;0;8;4;4;0;0;0;0;0;0;0;0;0;0;0
janise;Name;1;0;0;1;0;0;6;6;0;0;0;6;3;3;0;0;0;0;0;0;0;0;0;0;0
dick;Name;0;0;0;1;0;0;4;4;0;0;0;4;1;3;0;0;0;0;0;0;0;0;0;0;0
garth;Name;0;0;0;1;0;0;5;5;0;0;0;5;1;4;0;0;0;0;0;0;0;0;0;0;0
kareem;Name;0;0;0;1;0;0;6;5;0;0;0;6;3;3;0;0;0;0;0;0;0;0;0;0;0
barbra;Name;1;0;0;1;0;0;6;3;0;0;0;6;2;4;0;0;0;0;0;0;0;0;0;0;0
laree;Name;1;0;0;1;0;0;5;4;0;0;0;5;3;2;0;0;0;0;0;0;0;0;0;0;0
benjamin;Name;0;0;0;1;0;0;8;7;0;0;0;8;3;5;0;0;0;0;0;0;0;0;0;0;0
mose;Name;1;0;0;1;0;0;4;4;0;0;0;4;2;2;0;0;0;0;0;0;0;0;0;0;0
ernie;Name;1;1;0;1;0;0;5;4;0;0;0;5;3;2;0;0;0;0;0;0;0;0;0;0;0
federico;Name;1;0;0;1;0;0;8;7;0;0;0;8;4;4;0;0;0;0;0;0;0;0;0;0;0
shon;Name;0;0;0;1;0;0;4;4;0;0;0;4;1;3;0;0;0;0;0;0;0;0;0;0;0
lemuel;Name;0;0;0;1;0;0;6;4;0;0;0;6;3;3;0;0;0;0;0;0;0;0;0;0;0
haydee;Name;1;0;0;1;0;0;6;5;0;0;0;6;3;3;0;0;0;0;0;0;0;0;0;0;0
dominick;Name;0;0;0;1;0;0;8;7;0;0;0;8;3;5;0;0;0;0;0;0;0;0;0;0;0
clay;Name;0;0;0;1;0;0;4;4;0;0;0;4;1;3;0;0;0;0;0;0;0;0;0;0;0
annie;Name;1;1;0;1;0;0;5;4;0;0;0;5;3;2;0;0;0;0;0;0;0;0;0;0;0
corina;Name;1;0;0;1;0;0;6;6;0;0;0;6;3;3;0;0;0;0;0;0;0;0;0;0;0
rocky;Name;0;0;0;1;0;0;5;5;0;0;0;5;1;4;0;0;0;0;0;0;0;0;0;0;0
karena;Name;1;0;0;1;0;0;6;5;0;0;0;6;3;3;0;0;0;0;0;0;0;0;0;0;0
adriene;Name;1;1;0;1;0;0;7;6;0;0;0;7;4;3;0;0;0;0;0;0;0;0;0;0;0
hildred;Name;0;0;0;1;0;0;7;6;0;0;0;7;2;5;0;0;0;0;0;0;0;0;0;0;0
jennefer;Name;0;0;0;1;0;0;8;5;0;0;0;8;3;5;0;0;0;0;0;0;0;0;0;0;0
ka;Name;1;0;0;1;0;0;2;2;0;0;0;2;1;1;0;0;0;0;0;0;0;0;0;0;0
vivien;Name;0;0;0;1;0;0;6;4;0;0;0;6;3;3;0;0;0;0;0;0;0;0;0;0;0
yung;Name;0;0;0;1;0;0;4;4;0;0;0;4;1;3;0;0;0;0;0;0;0;0;0;0;0
roger;Name;0;0;0;1;0;0;5;4;0;0;0;5;2;3;0;0;0;0;0;0;0;0;0;0;0
theodore;Name;1;0;0;1;0;0;8;6;0;0;0;8;4;4;0;0;0;0;0;0;0;0;0;0;0
narcisa;Name;1;0;0;1;0;0;7;6;0;0;0;7;3;4;0;0;0;0;0;0;0;0;0;0;0
pearly;Name;0;0;0;1;0;0;6;6;0;0;0;6;2;4;0;0;0;0;0;0;0;0;0;0;0
saundra;Name;1;0;0;1;0;0;7;6;0;0;0;7;3;4;0;0;0;0;0;0;0;0;0;0;0
kemberly;Name;0;0;0;1;0;0;8;7;0;0;0;8;2;6;0;0;0;0;0;0;0;0;0;0;0
wendie;Name;1;0;0;1;0;0;6;5;0;0;0;6;3;3;0;0;0;0;0;0;0;0;0;0;0
vinita;Name;1;0;0;1;0;0;6;5;0;0;0;6;3;3;0;0;0;0;0;0;0;0;0;0;0
emmy;Name;0;1;0;1;0;0;4;3;0;0;0;4;1;3;0;0;0;0;0;0;0;0;0;0;0
antonia;Name;1;1;0;1;0;0;7;5;0;0;0;7;4;3;0;0;0;0;0;0;0;0;0;0;0
bruce;Name;1;0;0;1;0;0;5;5;0;0;0;5;2;3;0;0;0;0;0;0;0;0;0;0;0
salome;Name;1;0;0;1;0;0;6;6;0;0;0;6;3;3;0;0;0;0;0;0;0;0;0;0;0
maude;Name;1;0;0;1;0;0;5;5;0;0;0;5;3;2;0;0;0;0;0;0;0;0;0;0;0
jaime;Name;1;0;0;1;0;0;5;5;0;0;0;5;3;2;0;0;0;0;0;0;0;0;0;0;0
dillon;Name;0;0;0;1;0;0;6;5;0;0;0;6;2;4;0;0;0;0;0;0;0;0;0;0;0
angelo;Name;1;1;0;1;0;0;6;6;0;0;0;6;3;3;0;0;0;0;0;0;0;0;0;0;0
andrea;Name;1;1;0;1;0;0;6;5;0;0;0;6;3;3;0;0;0;0;0;0;0;0;0;0;0
siu;Name;1;0;0;1;0;0;3;3;0;0;0;3;2;1;0;0;0;0;0;0;0;0;0;0;0
kenneth;Name;0;0;0;1;0;0;7;5;0;0;0;7;2;5;0;0;0;0;0;0;0;0;0;0;0
chi;Name;1;0;0;1;0;0;3;3;0;0;0;3;1;2;0;0;0;0;0;0;0;0;0;0;0
maryjane;Name;1;0;0;1;0;0;8;7;0;0;0;8;3;5;0;0;0;0;0;0;0;0;0;0;0
wilber;Name;0;0;0;1;0;0;6;6;0;0;0;6;2;4;0;0;0;0;0;0;0;0;0;0;0
donette;Name;1;0;0;1;0;0;7;5;0;0;0;7;3;4;0;0;0;0;0;0;0;0;0;0;0
stasia;Name;1;0;0;1;0;0;6;4;0;0;0;6;3;3;0;0;0;0;0;0;0;0;0;0;0
jonas;Name;0;0;0;1;0;0;5;5;0;0;0;5;2;3;0;0;0;0;0;0;0;0;0;0;0
chrystal;Name;0;0;0;1;0;0;8;8;0;0;0;8;1;7;0;0;0;0;0;0;0;0;0;0;0
justa;Name;1;0;0;1;0;0;5;5;0;0;0;5;2;3;0;0;0;0;0;0;0;0;0;0;0
benton;Name;0;0;0;1;0;0;6;5;0;0;0;6;2;4;0;0;0;0;0;0;0;0;0;0;0
julee;Name;1;0;0;1;0;0;5;4;0;0;0;5;3;2;0;0;0;0;0;0;0;0;0;0;0
kacy;Name;0;0;0;1;0;0;4;4;0;0;0;4;1;3;0;0;0;0;0;0;0;0;0;0;0
jenna;Name;1;0;0;1;0;0;5;4;0;0;0;5;2;3;0;0;0;0;0;0;0;0;0;0;0
cammie;Name;1;0;0;1;0;0;6;5;0;0;0;6;3;3;0;0;0;0;0;0;0;0;0;0;0
scotty;Name;0;0;0;1;0;0;6;5;0;0;0;6;1;5;0;0;0;0;0;0;0;0;0;0;0
ranee;Name;1;0;0;1;0;0;5;4;0;0;0;5;3;2;0;0;0;0;0;0;0;0;0;0;0
wilbur;Name;0;0;0;1;0;0;6;6;0;0;0;6;2;4;0;0;0;0;0;0;0;0;0;0;0
ethan;Name;0;1;0;1;0;0;5;5;0;0;0;5;2;3;0;0;0;0;0;0;0;0;0;0;0
johanne;Name;1;0;0;1;0;0;7;6;0;0;0;7;3;4;0;0;0;0;0;0;0;0;0;0;0
kelle;Name;1;0;0;1;0;0;5;3;0;0;0;5;2;3;0;0;0;0;0;0;0;0;0;0;0
jetta;Name;1;0;0;1;0;0;5;4;0;0;0;5;2;3;0;0;0;0;0;0;0;0;0;0;0
dario;Name;1;0;0;1;0;0;5;5;0;0;0;5;3;2;0;0;0;0;0;0;0;0;0;0;0
broderick;Name;0;0;0;1;0;0;9;8;0;0;0;9;3;6;0;0;0;0;0;0;0;0;0;0;0
julio;Name;1;0;0;1;0;0;5;5;0;0;0;5;3;2;0;0;0;0;0;0;0;0;0;0;0
mohammed;Name;0;0;0;1;0;0;8;6;0;0;0;8;3;5;0;0;0;0;0;0;0;0;0;0;0
gavin;Name;0;0;0;1;0;0;5;5;0;0;0;5;2;3;0;0;0;0;0;0;0;0;0;0;0
xavier;Name;0;0;0;1;0;0;6;6;0;0;0;6;3;3;0;0;0;0;0;0;0;0;0;0;1
karlyn;Name;0;0;0;1;0;0;6;6;0;0;0;6;1;5;0;0;0;0;0;0;0;0;0;0;0
kira;Name;1;0;0;1;0;0;4;4;0;0;0;4;2;2;0;0;0;0;0;0;0;0;0;0;0
lyn;Name;0;0;0;1;0;0;3;3;0;0;0;3;0;3;0;0;0;0;0;0;0;0;0;0;0
ayanna;Name;1;1;0;1;0;0;6;3;0;0;0;6;3;3;0;0;0;0;0;0;0;0;0;0;0
antwan;Name;0;1;0;1;0;0;6;4;0;0;0;6;2;4;0;0;0;0;0;0;0;0;0;0;0
tyra;Name;1;0;0;1;0;0;4;4;0;0;0;4;1;3;0;0;0;0;0;0;0;0;0;0;0
elroy;Name;0;1;0;1;0;0;5;5;0;0;0;5;2;3;0;0;0;0;0;0;0;0;0;0;0
modesta;Name;1;0;0;1;0;0;7;7;0;0;0;7;3;4;0;0;0;0;0;0;0;0;0;0;0
laronda;Name;1;0;0;1;0;0;7;6;0;0;0;7;3;4;0;0;0;0;0;0;0;0;0;0;0
lani;Name;1;0;0;1;0;0;4;4;0;0;0;4;2;2;0;0;0;0;0;0;0;0;0;0;0
sherell;Name;0;0;0;1;0;0;7;5;0;0;0;7;2;5;0;0;0;0;0;0;0;0;0;0;0
leandro;Name;1;0;0;1;0;0;7;7;0;0;0;7;3;4;0;0;0;0;0;0;0;0;0;0;0
dion;Name;0;0;0;1;0;0;4;4;0;0;0;4;2;2;0;0;0;0;0;0;0;0;0;0;0
gregory;Name;0;0;0;1;0;0;7;5;0;0;0;7;2;5;0;0;0;0;0;0;0;0;0;0;0
williams;Name;0;0;0;1;0;0;8;6;0;0;0;8;3;5;0;0;0;0;0;0;0;0;0;0;0
herminia;Name;1;0;0;1;0;0;8;7;0;0;0;8;4;4;0;0;0;0;0;0;0;0;0;0;0
vito;Name;1;0;0;1;0;0;4;4;0;0;0;4;2;2;0;0;0;0;0;0;0;0;0;0;0
britni;Name;1;0;0;1;0;0;6;5;0;0;0;6;2;4;0;0;0;0;0;0;0;0;0;0;0
pete;Name;1;0;0;1;0;0;4;3;0;0;0;4;2;2;0;0;0;0;0;0;0;0;0;0;0
anya;Name;1;1;0;1;0;0;4;3;0;0;0;4;2;2;0;0;0;0;0;0;0;0;0;0;0
nakia;Name;1;0;0;1;0;0;5;4;0;0;0;5;3;2;0;0;0;0;0;0;0;0;0;0;0
so;Name;1;0;0;1;0;0;2;2;0;0;0;2;1;1;0;0;0;0;0;0;0;0;0;0;0
soon;Name;0;0;0;1;0;0;4;3;0;0;0;4;2;2;0;0;0;0;0;0;0;0;0;0;0
leisha;Name;1;0;0;1;0;0;6;6;0;0;0;6;3;3;0;0;0;0;0;0;0;0;0;0;0
arie;Name;1;1;0;1;0;0;4;4;0;0;0;4;3;1;0;0;0;0;0;0;0;0;0;0;0
jonathon;Name;0;0;0;1;0;0;8;6;0;0;0;8;3;5;0;0;0;0;0;0;0;0;0;0;0
boyd;Name;0;0;0;1;0;0;4;4;0;0;0;4;1;3;0;0;0;0;0;0;0;0;0;0;0
viva;Name;1;0;0;1;0;0;4;3;0;0;0;4;2;2;0;0;0;0;0;0;0;0;0;0;0
lisette;Name;1;0;0;1;0;0;7;5;0;0;0;7;3;4;0;0;0;0;0;0;0;0;0;0;0
glynis;Name;0;0;0;1;0;0;6;6;0;0;0;6;1;5;0;0;0;0;0;0;0;0;0;0;0
priscilla;Name;1;0;0;1;0;0;9;7;0;0;0;9;3;6;0;0;0;0;0;0;0;0;0;0;0
tiffani;Name;1;0;0;1;0;0;7;5;0;0;0;7;3;4;0;0;0;0;0;0;0;0;0;0;0
rufus;Name;0;0;0;1;0;0;5;4;0;0;0;5;2;3;0;0;0;0;0;0;0;0;0;0;0
teresita;Name;1;0;0;1;0;0;8;6;0;0;0;8;4;4;0;0;0;0;0;0;0;0;0;0;0
miguelina;Name;1;0;0;1;0;0;9;8;0;0;0;9;5;4;0;0;0;0;0;0;0;0;0;0;0
tawana;Name;1;0;0;1;0;0;6;4;0;0;0;6;3;3;0;0;0;0;0;0;0;0;0;0;0
sima;Name;1;0;0;1;0;0;4;4;0;0;0;4;2;2;0;0;0;0;0;0;0;0;0;0;0
leanora;Name;1;0;0;1;0;0;7;6;0;0;0;7;4;3;0;0;0;0;0;0;0;0;0;0;0
cleveland;Name;0;0;0;1;0;0;9;7;0;0;0;9;3;6;0;0;0;0;0;0;0;0;0;0;0
macy;Name;0;0;0;1;0;0;4;4;0;0;0;4;1;3;0;0;0;0;0;0;0;0;0;0;0
fern;Name;0;0;0;1;0;0;4;4;0;0;0;4;1;3;0;0;0;0;0;0;0;0;0;0;0
omar;Name;0;1;0;1;0;0;4;4;0;0;0;4;2;2;0;0;0;0;0;0;0;0;0;0;0
katrina;Name;1;0;0;1;0;0;7;6;0;0;0;7;3;4;0;0;0;0;0;0;0;0;0;0;0
phillis;Name;0;0;0;1;0;0;7;5;0;0;0;7;2;5;0;0;0;0;0;0;0;0;0;0;0
deane;Name;1;0;0;1;0;0;5;4;0;0;0;5;3;2;0;0;0;0;0;0;0;0;0;0;0
marisela;Name;1;0;0;1;0;0;8;7;0;0;0;8;4;4;0;0;0;0;0;0;0;0;0;0;0
desmond;Name;0;0;0;1;0;0;7;6;0;0;0;7;2;5;0;0;0;0;0;0;0;0;0;0;0
vicente;Name;1;0;0;1;0;0;7;6;0;0;0;7;3;4;0;0;0;0;0;0;0;0;0;0;0
shona;Name;1;0;0;1;0;0;5;5;0;0;0;5;2;3;0;0;0;0;0;0;0;0;0;0;0
tereasa;Name;1;0;0;1;0;0;7;5;0;0;0;7;4;3;0;0;0;0;0;0;0;0;0;0;0
kristi;Name;1;0;0;1;0;0;6;5;0;0;0;6;2;4;0;0;0;0;0;0;0;0;0;0;0
belia;Name;1;0;0;1;0;0;5;5;0;0;0;5;3;2;0;0;0;0;0;0;0;0;0;0;0
albert;Name;0;1;0;1;0;0;6;6;0;0;0;6;2;4;0;0;0;0;0;0;0;0;0;0;0
shanita;Name;1;0;0;1;0;0;7;6;0;0;0;7;3;4;0;0;0;0;0;0;0;0;0;0;0
carmen;Name;0;0;0;1;0;0;6;6;0;0;0;6;2;4;0;0;0;0;0;0;0;0;0;0;0
son;Name;0;0;0;1;0;0;3;3;0;0;0;3;1;2;0;0;0;0;0;0;0;0;0;0;0
cedric;Name;0;0;0;1;0;0;6;5;0;0;0;6;2;4;0;0;0;0;0;0;0;0;0;0;0
al;Name;0;1;0;1;0;0;2;2;0;0;0;2;1;1;0;0;0;0;0;0;0;0;0;0;0
myung;Name;0;0;0;1;0;0;5;5;0;0;0;5;1;4;0;0;0;0;0;0;0;0;0;0;0
tyler;Name;0;0;0;1;0;0;5;5;0;0;0;5;1;4;0;0;0;0;0;0;0;0;0;0;0
caleb;Name;0;0;0;1;0;0;5;5;0;0;0;5;2;3;0;0;0;0;0;0;0;0;0;0;0
cherri;Name;1;0;0;1;0;0;6;5;0;0;0;6;2;4;0;0;0;0;0;0;0;0;0;0;0
999-60-7250;ssn;0;0;0;0;0;0;11;7;2;0;9;0;0;0;0;2;0;0;0;0;0;0;0;0;0
999-25-1103;ssn;0;0;0;0;0;0;11;7;2;0;9;0;0;0;0;2;0;0;0;0;0;0;0;0;0
999-31-1262;ssn;0;0;0;0;0;0;11;6;2;0;9;0;0;0;0;2;0;0;0;0;0;0;0;0;0
999-32-6726;ssn;0;0;0;0;0;0;11;6;2;0;9;0;0;0;0;2;0;0;0;0;0;0;0;0;0
999-92-1525;ssn;0;0;0;0;0;0;11;5;2;0;9;0;0;0;0;2;0;0;0;0;0;0;0;0;0
999-13-7228;ssn;0;0;0;0;0;0;11;7;2;0;9;0;0;0;0;2;0;0;0;0;0;0;0;0;0
999-20-5217;ssn;0;0;0;0;0;0;11;7;2;0;9;0;0;0;0;2;0;0;0;0;0;0;0;0;0
999-95-9918;ssn;0;0;0;0;0;0;11;5;2;0;9;0;0;0;0;2;0;0;0;0;0;0;0;0;0
999-23-2870;ssn;0;0;0;0;0;0;11;7;2;0;9;0;0;0;0;2;0;0;0;0;0;0;0;0;0
999-48-6738;ssn;0;0;0;0;0;0;11;7;2;0;9;0;0;0;0;2;0;0;0;0;0;0;0;0;0
999-21-4962;ssn;0;0;0;0;0;0;11;6;2;0;9;0;0;0;0;2;0;0;0;0;0;0;0;0;0
999-76-2157;ssn;0;0;0;0;0;0;11;7;2;0;9;0;0;0;0;2;0;0;0;0;0;0;0;0;0
999-38-5733;ssn;0;0;0;0;0;0;11;6;2;0;9;0;0;0;0;2;0;0;0;0;0;0;0;0;0
999-90-3103;ssn;0;0;0;0;0;0;11;5;2;0;9;0;0;0;0;2;0;0;0;0;0;0;0;0;0
999-63-8085;ssn;0;0;0;0;0;0;11;7;2;0;9;0;0;0;0;2;0;0;0;0;0;0;0;0;0
999-45-7711;ssn;0;0;0;0;0;0;11;6;2;0;9;0;0;0;0;2;0;0;0;0;0;0;0;0;0
999-24-1616;ssn;0;0;0;0;0;0;11;6;2;0;9;0;0;0;0;2;0;0;0;0;0;0;0;0;0
999-45-9346;ssn;0;0;0;0;0;0;11;6;2;0;9;0;0;0;0;2;0;0;0;0;0;0;0;0;0
999-52-9082;ssn;0;0;0;0;0;0;11;6;2;0;9;0;0;0;0;2;0;0;0;0;0;0;0;0;0
999-47-3435;ssn;0;0;0;0;0;0;11;6;2;0;9;0;0;0;0;2;0;0;0;0;0;0;0;0;0
999-88-2503;ssn;0;0;0;0;0;0;11;7;2;0;9;0;0;0;0;2;0;0;0;0;0;0;0;0;0
999-73-9106;ssn;0;0;0;0;0;0;11;7;2;0;9;0;0;0;0;2;0;0;0;0;0;0;0;0;0
999-49-9249;ssn;0;0;0;0;0;0;11;4;2;0;9;0;0;0;0;2;0;0;0;0;0;0;0;0;0
999-30-3958;ssn;0;0;0;0;0;0;11;6;2;0;9;0;0;0;0;2;0;0;0;0;0;0;0;0;0
999-46-1080;ssn;0;0;0;0;0;0;11;7;2;0;9;0;0;0;0;2;0;0;0;0;0;0;0;0;0
999-26-5067;ssn;0;0;0;0;0;0;11;7;2;0;9;0;0;0;0;2;0;0;0;0;0;0;0;0;0
999-39-8352;ssn;0;0;0;0;0;0;11;6;2;0;9;0;0;0;0;2;0;0;0;0;0;0;0;0;0
999-96-2944;ssn;0;0;0;0;0;0;11;5;2;0;9;0;0;0;0;2;0;0;0;0;0;0;0;0;0
999-17-8593;ssn;0;0;0;0;0;0;11;7;2;0;9;0;0;0;0;2;0;0;0;0;0;0;0;0;0
999-10-5314;ssn;0;0;0;0;0;0;11;7;2;0;9;0;0;0;0;2;0;0;0;0;0;0;0;0;0
999-10-1009;ssn;0;0;0;0;0;0;11;4;2;0;9;0;0;0;0;2;0;0;0;0;0;0;0;0;0
999-25-3079;ssn;0;0;0;0;0;0;11;7;2;0;9;0;0;0;0;2;0;0;0;0;0;0;0;0;0
999-46-3649;ssn;0;0;0;0;0;0;11;5;2;0;9;0;0;0;0;2;0;0;0;0;0;0;0;0;0
999-57-7660;ssn;0;0;0;0;0;0;11;6;2;0;9;0;0;0;0;2;0;0;0;0;0;0;0;0;0
999-61-1309;ssn;0;0;0;0;0;0;11;6;2;0;9;0;0;0;0;2;0;0;0;0;0;0;0;0;0
999-84-2596;ssn;0;0;0;0;0;0;11;7;2;0;9;0;0;0;0;2;0;0;0;0;0;0;0;0;0
999-88-6198;ssn;0;0;0;0;0;0;11;5;2;0;9;0;0;0;0;2;0;0;0;0;0;0;0;0;0
999-16-8479;ssn;0;0;0;0;0;0;11;7;2;0;9;0;0;0;0;2;0;0;0;0;0;0;0;0;0
999-20-5372;ssn;0;0;0;0;0;0;11;7;2;0;9;0;0;0;0;2;0;0;0;0;0;0;0;0;0
999-34-8549;ssn;0;0;0;0;0;0;11;6;2;0;9;0;0;0;0;2;0;0;0;0;0;0;0;0;0
999-20-4980;ssn;0;0;0;0;0;0;11;6;2;0;9;0;0;0;0;2;0;0;0;0;0;0;0;0;0
999-74-3458;ssn;0;0;0;0;0;0;11;7;2;0;9;0;0;0;0;2;0;0;0;0;0;0;0;0;0
999-85-7003;ssn;0;0;0;0;0;0;11;7;2;0;9;0;0;0;0;2;0;0;0;0;0;0;0;0;0
999-60-8624;ssn;0;0;0;0;0;0;11;7;2;0;9;0;0;0;0;2;0;0;0;0;0;0;0;0;0
999-70-8486;ssn;0;0;0;0;0;0;11;7;2;0;9;0;0;0;0;2;0;0;0;0;0;0;0;0;0
999-92-1074;ssn;0;0;0;0;0;0;11;7;2;0;9;0;0;0;0;2;0;0;0;0;0;0;0;0;0
999-63-8222;ssn;0;0;0;0;0;0;11;6;2;0;9;0;0;0;0;2;0;0;0;0;0;0;0;0;0
999-18-9078;ssn;0;0;0;0;0;0;11;6;2;0;9;0;0;0;0;2;0;0;0;0;0;0;0;0;0
999-59-8930;ssn;0;0;0;0;0;0;11;6;2;0;9;0;0;0;0;2;0;0;0;0;0;0;0;0;0
999-73-2539;ssn;0;0;0;0;0;0;11;6;2;0;9;0;0;0;0;2;0;0;0;0;0;0;0;0;0
999-74-2838;ssn;0;0;0;0;0;0;11;7;2;0;9;0;0;0;0;2;0;0;0;0;0;0;0;0;0
999-85-1550;ssn;0;0;0;0;0;0;11;6;2;0;9;0;0;0;0;2;0;0;0;0;0;0;0;0;0
999-77-2774;ssn;0;0;0;0;0;0;11;5;2;0;9;0;0;0;0;2;0;0;0;0;0;0;0;0;0
999-21-9935;ssn;0;0;0;0;0;0;11;6;2;0;9;0;0;0;0;2;0;0;0;0;0;0;0;0;0
999-52-5234;ssn;0;0;0;0;0;0;11;6;2;0;9;0;0;0;0;2;0;0;0;0;0;0;0;0;0
999-55-1956;ssn;0;0;0;0;0;0;11;5;2;0;9;0;0;0;0;2;0;0;0;0;0;0;0;0;0
999-42-2844;ssn;0;0;0;0;0;0;11;5;2;0;9;0;0;0;0;2;0;0;0;0;0;0;0;0;0
999-43-9933;ssn;0;0;0;0;0;0;11;4;2;0;9;0;0;0;0;2;0;0;0;0;0;0;0;0;0
999-91-5077;ssn;0;0;0;0;0;0;11;6;2;0;9;0;0;0;0;2;0;0;0;0;0;0;0;0;0
999-82-1222;ssn;0;0;0;0;0;0;11;5;2;0;9;0;0;0;0;2;0;0;0;0;0;0;0;0;0
999-44-6656;ssn;0;0;0;0;0;0;11;5;2;0;9;0;0;0;0;2;0;0;0;0;0;0;0;0;0
999-70-3855;ssn;0;0;0;0;0;0;11;7;2;0;9;0;0;0;0;2;0;0;0;0;0;0;0;0;0
999-16-6274;ssn;0;0;0;0;0;0;11;7;2;0;9;0;0;0;0;2;0;0;0;0;0;0;0;0;0
999-15-6674;ssn;0;0;0;0;0;0;11;7;2;0;9;0;0;0;0;2;0;0;0;0;0;0;0;0;0
999-77-7281;ssn;0;0;0;0;0;0;11;6;2;0;9;0;0;0;0;2;0;0;0;0;0;0;0;0;0
999-98-2128;ssn;0;0;0;0;0;0;11;5;2;0;9;0;0;0;0;2;0;0;0;0;0;0;0;0;0
999-57-4079;ssn;0;0;0;0;0;0;11;6;2;0;9;0;0;0;0;2;0;0;0;0;0;0;0;0;0
999-84-8032;ssn;0;0;0;0;0;0;11;7;2;0;9;0;0;0;0;2;0;0;0;0;0;0;0;0;0
999-78-1500;ssn;0;0;0;0;0;0;11;7;2;0;9;0;0;0;0;2;0;0;0;0;0;0;0;0;0
999-82-4301;ssn;0;0;0;0;0;0;11;8;2;0;9;0;0;0;0;2;0;0;0;0;0;0;0;0;0
999-55-3265;ssn;0;0;0;0;0;0;11;6;2;0;9;0;0;0;0;2;0;0;0;0;0;0;0;0;0
999-10-9321;ssn;0;0;0;0;0;0;11;6;2;0;9;0;0;0;0;2;0;0;0;0;0;0;0;0;0
999-78-4769;ssn;0;0;0;0;0;0;11;6;2;0;9;0;0;0;0;2;0;0;0;0;0;0;0;0;0
999-88-4295;ssn;0;0;0;0;0;0;11;6;2;0;9;0;0;0;0;2;0;0;0;0;0;0;0;0;0
999-10-7739;ssn;0;0;0;0;0;0;11;6;2;0;9;0;0;0;0;2;0;0;0;0;0;0;0;0;0
999-78-6428;ssn;0;0;0;0;0;0;11;7;2;0;9;0;0;0;0;2;0;0;0;0;0;0;0;0;0
999-87-7172;ssn;0;0;0;0;0;0;11;6;2;0;9;0;0;0;0;2;0;0;0;0;0;0;0;0;0
999-82-1438;ssn;0;0;0;0;0;0;11;7;2;0;9;0;0;0;0;2;0;0;0;0;0;0;0;0;0
999-43-4124;ssn;0;0;0;0;0;0;11;6;2;0;9;0;0;0;0;2;0;0;0;0;0;0;0;0;0
999-48-3710;ssn;0;0;0;0;0;0;11;8;2;0;9;0;0;0;0;2;0;0;0;0;0;0;0;0;0
999-89-6505;ssn;0;0;0;0;0;0;11;6;2;0;9;0;0;0;0;2;0;0;0;0;0;0;0;0;0
999-90-8612;ssn;0;0;0;0;0;0;11;7;2;0;9;0;0;0;0;2;0;0;0;0;0;0;0;0;0
999-25-3095;ssn;0;0;0;0;0;0;11;6;2;0;9;0;0;0;0;2;0;0;0;0;0;0;0;0;0
999-90-8444;ssn;0;0;0;0;0;0;11;5;2;0;9;0;0;0;0;2;0;0;0;0;0;0;0;0;0
999-29-1280;ssn;0;0;0;0;0;0;11;6;2;0;9;0;0;0;0;2;0;0;0;0;0;0;0;0;0
999-53-2663;ssn;0;0;0;0;0;0;11;6;2;0;9;0;0;0;0;2;0;0;0;0;0;0;0;0;0
999-47-5449;ssn;0;0;0;0;0;0;11;5;2;0;9;0;0;0;0;2;0;0;0;0;0;0;0;0;0
999-54-1727;ssn;0;0;0;0;0;0;11;7;2;0;9;0;0;0;0;2;0;0;0;0;0;0;0;0;0
999-17-7183;ssn;0;0;0;0;0;0;11;6;2;0;9;0;0;0;0;2;0;0;0;0;0;0;0;0;0
999-53-2460;ssn;0;0;0;0;0;0;11;8;2;0;9;0;0;0;0;2;0;0;0;0;0;0;0;0;0
999-18-2733;ssn;0;0;0;0;0;0;11;7;2;0;9;0;0;0;0;2;0;0;0;0;0;0;0;0;0
999-80-5325;ssn;0;0;0;0;0;0;11;7;2;0;9;0;0;0;0;2;0;0;0;0;0;0;0;0;0
999-93-7276;ssn;0;0;0;0;0;0;11;6;2;0;9;0;0;0;0;2;0;0;0;0;0;0;0;0;0
999-14-8127;ssn;0;0;0;0;0;0;11;7;2;0;9;0;0;0;0;2;0;0;0;0;0;0;0;0;0
999-88-2374;ssn;0;0;0;0;0;0;11;7;2;0;9;0;0;0;0;2;0;0;0;0;0;0;0;0;0
999-92-1695;ssn;0;0;0;0;0;0;11;6;2;0;9;0;0;0;0;2;0;0;0;0;0;0;0;0;0
999-92-4031;ssn;0;0;0;0;0;0;11;7;2;0;9;0;0;0;0;2;0;0;0;0;0;0;0;0;0
999-22-9957;ssn;0;0;0;0;0;0;11;5;2;0;9;0;0;0;0;2;0;0;0;0;0;0;0;0;0
999-53-4230;ssn;0;0;0;0;0;0;11;7;2;0;9;0;0;0;0;2;0;0;0;0;0;0;0;0;0
999-82-2502;ssn;0;0;0;0;0;0;11;6;2;0;9;0;0;0;0;2;0;0;0;0;0;0;0;0;0
999-95-3818;ssn;0;0;0;0;0;0;11;6;2;0;9;0;0;0;0;2;0;0;0;0;0;0;0;0;0
999-53-1329;ssn;0;0;0;0;0;0;11;6;2;0;9;0;0;0;0;2;0;0;0;0;0;0;0;0;0
999-20-5906;ssn;0;0;0;0;0;0;11;6;2;0;9;0;0;0;0;2;0;0;0;0;0;0;0;0;0
999-17-3391;ssn;0;0;0;0;0;0;11;5;2;0;9;0;0;0;0;2;0;0;0;0;0;0;0;0;0
999-46-8744;ssn;0;0;0;0;0;0;11;6;2;0;9;0;0;0;0;2;0;0;0;0;0;0;0;0;0
999-93-6752;ssn;0;0;0;0;0;0;11;7;2;0;9;0;0;0;0;2;0;0;0;0;0;0;0;0;0
999-73-8964;ssn;0;0;0;0;0;0;11;7;2;0;9;0;0;0;0;2;0;0;0;0;0;0;0;0;0
999-82-2572;ssn;0;0;0;0;0;0;11;6;2;0;9;0;0;0;0;2;0;0;0;0;0;0;0;0;0
999-80-6723;ssn;0;0;0;0;0;0;11;8;2;0;9;0;0;0;0;2;0;0;0;0;0;0;0;0;0
999-82-9962;ssn;0;0;0;0;0;0;11;5;2;0;9;0;0;0;0;2;0;0;0;0;0;0;0;0;0
999-99-1492;ssn;0;0;0;0;0;0;11;5;2;0;9;0;0;0;0;2;0;0;0;0;0;0;0;0;0
999-50-7411;ssn;0;0;0;0;0;0;11;7;2;0;9;0;0;0;0;2;0;0;0;0;0;0;0;0;0
999-43-4054;ssn;0;0;0;0;0;0;11;6;2;0;9;0;0;0;0;2;0;0;0;0;0;0;0;0;0
999-52-6547;ssn;0;0;0;0;0;0;11;7;2;0;9;0;0;0;0;2;0;0;0;0;0;0;0;0;0
999-50-6409;ssn;0;0;0;0;0;0;11;6;2;0;9;0;0;0;0;2;0;0;0;0;0;0;0;0;0
999-48-2136;ssn;0;0;0;0;0;0;11;8;2;0;9;0;0;0;0;2;0;0;0;0;0;0;0;0;0
999-22-2805;ssn;0;0;0;0;0;0;11;6;2;0;9;0;0;0;0;2;0;0;0;0;0;0;0;0;0
999-38-6195;ssn;0;0;0;0;0;0;11;7;2;0;9;0;0;0;0;2;0;0;0;0;0;0;0;0;0
999-36-1784;ssn;0;0;0;0;0;0;11;8;2;0;9;0;0;0;0;2;0;0;0;0;0;0;0;0;0
999-21-4726;ssn;0;0;0;0;0;0;11;7;2;0;9;0;0;0;0;2;0;0;0;0;0;0;0;0;0
999-44-2180;ssn;0;0;0;0;0;0;11;7;2;0;9;0;0;0;0;2;0;0;0;0;0;0;0;0;0
999-82-5976;ssn;0;0;0;0;0;0;11;7;2;0;9;0;0;0;0;2;0;0;0;0;0;0;0;0;0
999-26-6978;ssn;0;0;0;0;0;0;11;6;2;0;9;0;0;0;0;2;0;0;0;0;0;0;0;0;0
999-30-9902;ssn;0;0;0;0;0;0;11;5;2;0;9;0;0;0;0;2;0;0;0;0;0;0;0;0;0
999-10-3183;ssn;0;0;0;0;0;0;11;6;2;0;9;0;0;0;0;2;0;0;0;0;0;0;0;0;0
999-86-3119;ssn;0;0;0;0;0;0;11;6;2;0;9;0;0;0;0;2;0;0;0;0;0;0;0;0;0
999-91-4855;ssn;0;0;0;0;0;0;11;6;2;0;9;0;0;0;0;2;0;0;0;0;0;0;0;0;0
999-15-9885;ssn;0;0;0;0;0;0;11;5;2;0;9;0;0;0;0;2;0;0;0;0;0;0;0;0;0
999-82-5682;ssn;0;0;0;0;0;0;11;6;2;0;9;0;0;0;0;2;0;0;0;0;0;0;0;0;0
999-59-7708;ssn;0;0;0;0;0;0;11;6;2;0;9;0;0;0;0;2;0;0;0;0;0;0;0;0;0
999-76-9075;ssn;0;0;0;0;0;0;11;6;2;0;9;0;0;0;0;2;0;0;0;0;0;0;0;0;0
999-62-1664;ssn;0;0;0;0;0;0;11;6;2;0;9;0;0;0;0;2;0;0;0;0;0;0;0;0;0
999-27-4849;ssn;0;0;0;0;0;0;11;6;2;0;9;0;0;0;0;2;0;0;0;0;0;0;0;0;0
999-59-3855;ssn;0;0;0;0;0;0;11;5;2;0;9;0;0;0;0;2;0;0;0;0;0;0;0;0;0
999-66-8632;ssn;0;0;0;0;0;0;11;6;2;0;9;0;0;0;0;2;0;0;0;0;0;0;0;0;0
999-63-5011;ssn;0;0;0;0;0;0;11;7;2;0;9;0;0;0;0;2;0;0;0;0;0;0;0;0;0
999-59-5828;ssn;0;0;0;0;0;0;11;5;2;0;9;0;0;0;0;2;0;0;0;0;0;0;0;0;0
999-13-9378;ssn;0;0;0;0;0;0;11;6;2;0;9;0;0;0;0;2;0;0;0;0;0;0;0;0;0
999-89-1144;ssn;0;0;0;0;0;0;11;5;2;0;9;0;0;0;0;2;0;0;0;0;0;0;0;0;0
999-76-4963;ssn;0;0;0;0;0;0;11;6;2;0;9;0;0;0;0;2;0;0;0;0;0;0;0;0;0
999-74-2690;ssn;0;0;0;0;0;0;11;7;2;0;9;0;0;0;0;2;0;0;0;0;0;0;0;0;0
999-64-9004;ssn;0;0;0;0;0;0;11;5;2;0;9;0;0;0;0;2;0;0;0;0;0;0;0;0;0
999-25-5436;ssn;0;0;0;0;0;0;11;7;2;0;9;0;0;0;0;2;0;0;0;0;0;0;0;0;0
999-74-9314;ssn;0;0;0;0;0;0;11;6;2;0;9;0;0;0;0;2;0;0;0;0;0;0;0;0;0
999-31-2462;ssn;0;0;0;0;0;0;11;7;2;0;9;0;0;0;0;2;0;0;0;0;0;0;0;0;0
999-91-8986;ssn;0;0;0;0;0;0;11;5;2;0;9;0;0;0;0;2;0;0;0;0;0;0;0;0;0
999-11-9432;ssn;0;0;0;0;0;0;11;6;2;0;9;0;0;0;0;2;0;0;0;0;0;0;0;0;0
999-55-7724;ssn;0;0;0;0;0;0;11;6;2;0;9;0;0;0;0;2;0;0;0;0;0;0;0;0;0
999-21-7314;ssn;0;0;0;0;0;0;11;7;2;0;9;0;0;0;0;2;0;0;0;0;0;0;0;0;0
999-41-1929;ssn;0;0;0;0;0;0;11;5;2;0;9;0;0;0;0;2;0;0;0;0;0;0;0;0;0
999-70-9634;ssn;0;0;0;0;0;0;11;7;2;0;9;0;0;0;0;2;0;0;0;0;0;0;0;0;0
999-51-1570;ssn;0;0;0;0;0;0;11;6;2;0;9;0;0;0;0;2;0;0;0;0;0;0;0;0;0
999-99-5166;ssn;0;0;0;0;0;0;11;5;2;0;9;0;0;0;0;2;0;0;0;0;0;0;0;0;0
999-33-4363;ssn;0;0;0;0;0;0;11;5;2;0;9;0;0;0;0;2;0;0;0;0;0;0;0;0;0
999-87-8758;ssn;0;0;0;0;0;0;11;5;2;0;9;0;0;0;0;2;0;0;0;0;0;0;0;0;0
999-10-3260;ssn;0;0;0;0;0;0;11;7;2;0;9;0;0;0;0;2;0;0;0;0;0;0;0;0;0
999-20-2111;ssn;0;0;0;0;0;0;11;5;2;0;9;0;0;0;0;2;0;0;0;0;0;0;0;0;0
999-55-9563;ssn;0;0;0;0;0;0;11;5;2;0;9;0;0;0;0;2;0;0;0;0;0;0;0;0;0
999-57-8123;ssn;0;0;0;0;0;0;11;8;2;0;9;0;0;0;0;2;0;0;0;0;0;0;0;0;0
999-30-1705;ssn;0;0;0;0;0;0;11;7;2;0;9;0;0;0;0;2;0;0;0;0;0;0;0;0;0
999-81-9766;ssn;0;0;0;0;0;0;11;6;2;0;9;0;0;0;0;2;0;0;0;0;0;0;0;0;0
999-96-3435;ssn;0;0;0;0;0;0;11;6;2;0;9;0;0;0;0;2;0;0;0;0;0;0;0;0;0
999-28-6620;ssn;0;0;0;0;0;0;11;6;2;0;9;0;0;0;0;2;0;0;0;0;0;0;0;0;0
999-96-6693;ssn;0;0;0;0;0;0;11;4;2;0;9;0;0;0;0;2;0;0;0;0;0;0;0;0;0
999-24-6012;ssn;0;0;0;0;0;0;11;7;2;0;9;0;0;0;0;2;0;0;0;0;0;0;0;0;0
999-57-1876;ssn;0;0;0;0;0;0;11;7;2;0;9;0;0;0;0;2;0;0;0;0;0;0;0;0;0
999-39-9676;ssn;0;0;0;0;0;0;11;5;2;0;9;0;0;0;0;2;0;0;0;0;0;0;0;0;0
999-36-7534;ssn;0;0;0;0;0;0;11;7;2;0;9;0;0;0;0;2;0;0;0;0;0;0;0;0;0
999-86-5904;ssn;0;0;0;0;0;0;11;7;2;0;9;0;0;0;0;2;0;0;0;0;0;0;0;0;0
999-43-9107;ssn;0;0;0;0;0;0;11;7;2;0;9;0;0;0;0;2;0;0;0;0;0;0;0;0;0
999-57-8547;ssn;0;0;0;0;0;0;11;6;2;0;9;0;0;0;0;2;0;0;0;0;0;0;0;0;0
999-18-8230;ssn;0;0;0;0;0;0;11;7;2;0;9;0;0;0;0;2;0;0;0;0;0;0;0;0;0
999-85-3559;ssn;0;0;0;0;0;0;11;5;2;0;9;0;0;0;0;2;0;0;0;0;0;0;0;0;0
999-98-4257;ssn;0;0;0;0;0;0;11;7;2;0;9;0;0;0;0;2;0;0;0;0;0;0;0;0;0
999-67-5386;ssn;0;0;0;0;0;0;11;7;2;0;9;0;0;0;0;2;0;0;0;0;0;0;0;0;0
999-41-4067;ssn;0;0;0;0;0;0;11;7;2;0;9;0;0;0;0;2;0;0;0;0;0;0;0;0;0
999-67-6884;ssn;0;0;0;0;0;0;11;6;2;0;9;0;0;0;0;2;0;0;0;0;0;0;0;0;0
999-82-7817;ssn;0;0;0;0;0;0;11;6;2;0;9;0;0;0;0;2;0;0;0;0;0;0;0;0;0
999-71-4590;ssn;0;0;0;0;0;0;11;7;2;0;9;0;0;0;0;2;0;0;0;0;0;0;0;0;0
999-19-1645;ssn;0;0;0;0;0;0;11;6;2;0;9;0;0;0;0;2;0;0;0;0;0;0;0;0;0
999-45-5924;ssn;0;0;0;0;0;0;11;5;2;0;9;0;0;0;0;2;0;0;0;0;0;0;0;0;0
999-14-1316;ssn;0;0;0;0;0;0;11;6;2;0;9;0;0;0;0;2;0;0;0;0;0;0;0;0;0
999-41-9610;ssn;0;0;0;0;0;0;11;6;2;0;9;0;0;0;0;2;0;0;0;0;0;0;0;0;0
999-25-2478;ssn;0;0;0;0;0;0;11;7;2;0;9;0;0;0;0;2;0;0;0;0;0;0;0;0;0
999-40-9263;ssn;0;0;0;0;0;0;11;7;2;0;9;0;0;0;0;2;0;0;0;0;0;0;0;0;0
999-60-4810;ssn;0;0;0;0;0;0;11;7;2;0;9;0;0;0;0;2;0;0;0;0;0;0;0;0;0
999-58-9224;ssn;0;0;0;0;0;0;11;6;2;0;9;0;0;0;0;2;0;0;0;0;0;0;0;0;0
999-46-4290;ssn;0;0;0;0;0;0;11;6;2;0;9;0;0;0;0;2;0;0;0;0;0;0;0;0;0
999-18-4974;ssn;0;0;0;0;0;0;11;6;2;0;9;0;0;0;0;2;0;0;0;0;0;0;0;0;0
999-41-9246;ssn;0;0;0;0;0;0;11;6;2;0;9;0;0;0;0;2;0;0;0;0;0;0;0;0;0
999-80-9608;ssn;0;0;0;0;0;0;11;5;2;0;9;0;0;0;0;2;0;0;0;0;0;0;0;0;0
999-41-3106;ssn;0;0;0;0;0;0;11;7;2;0;9;0;0;0;0;2;0;0;0;0;0;0;0;0;0
999-47-3637;ssn;0;0;0;0;0;0;11;6;2;0;9;0;0;0;0;2;0;0;0;0;0;0;0;0;0
999-80-1397;ssn;0;0;0;0;0;0;11;7;2;0;9;0;0;0;0;2;0;0;0;0;0;0;0;0;0
999-79-8310;ssn;0;0;0;0;0;0;11;7;2;0;9;0;0;0;0;2;0;0;0;0;0;0;0;0;0
999-77-7552;ssn;0;0;0;0;0;0;11;5;2;0;9;0;0;0;0;2;0;0;0;0;0;0;0;0;0
999-95-9868;ssn;0;0;0;0;0;0;11;5;2;0;9;0;0;0;0;2;0;0;0;0;0;0;0;0;0
999-20-8207;ssn;0;0;0;0;0;0;11;6;2;0;9;0;0;0;0;2;0;0;0;0;0;0;0;0;0
999-74-2822;ssn;0;0;0;0;0;0;11;6;2;0;9;0;0;0;0;2;0;0;0;0;0;0;0;0;0
999-40-3520;ssn;0;0;0;0;0;0;11;7;2;0;9;0;0;0;0;2;0;0;0;0;0;0;0;0;0
999-99-5288;ssn;0;0;0;0;0;0;11;5;2;0;9;0;0;0;0;2;0;0;0;0;0;0;0;0;0
999-59-5435;ssn;0;0;0;0;0;0;11;5;2;0;9;0;0;0;0;2;0;0;0;0;0;0;0;0;0
999-24-2271;ssn;0;0;0;0;0;0;11;6;2;0;9;0;0;0;0;2;0;0;0;0;0;0;0;0;0
999-42-8936;ssn;0;0;0;0;0;0;11;7;2;0;9;0;0;0;0;2;0;0;0;0;0;0;0;0;0
999-50-4017;ssn;0;0;0;0;0;0;11;7;2;0;9;0;0;0;0;2;0;0;0;0;0;0;0;0;0
999-40-4526;ssn;0;0;0;0;0;0;11;7;2;0;9;0;0;0;0;2;0;0;0;0;0;0;0;0;0
999-76-6827;ssn;0;0;0;0;0;0;11;6;2;0;9;0;0;0;0;2;0;0;0;0;0;0;0;0;0
999-86-9947;ssn;0;0;0;0;0;0;11;6;2;0;9;0;0;0;0;2;0;0;0;0;0;0;0;0;0
999-67-9158;ssn;0;0;0;0;0;0;11;7;2;0;9;0;0;0;0;2;0;0;0;0;0;0;0;0;0
999-78-2377;ssn;0;0;0;0;0;0;11;6;2;0;9;0;0;0;0;2;0;0;0;0;0;0;0;0;0
999-64-4687;ssn;0;0;0;0;0;0;11;6;2;0;9;0;0;0;0;2;0;0;0;0;0;0;0;0;0
999-34-7173;ssn;0;0;0;0;0;0;11;6;2;0;9;0;0;0;0;2;0;0;0;0;0;0;0;0;0
999-40-7722;ssn;0;0;0;0;0;0;11;6;2;0;9;0;0;0;0;2;0;0;0;0;0;0;0;0;0
999-32-9979;ssn;0;0;0;0;0;0;11;5;2;0;9;0;0;0;0;2;0;0;0;0;0;0;0;0;0
999-87-7797;ssn;0;0;0;0;0;0;11;4;2;0;9;0;0;0;0;2;0;0;0;0;0;0;0;0;0
999-20-7010;ssn;0;0;0;0;0;0;11;6;2;0;9;0;0;0;0;2;0;0;0;0;0;0;0;0;0
999-49-3686;ssn;0;0;0;0;0;0;11;6;2;0;9;0;0;0;0;2;0;0;0;0;0;0;0;0;0
999-71-3400;ssn;0;0;0;0;0;0;11;7;2;0;9;0;0;0;0;2;0;0;0;0;0;0;0;0;0
999-37-6541;ssn;0;0;0;0;0;0;11;8;2;0;9;0;0;0;0;2;0;0;0;0;0;0;0;0;0
999-32-3777;ssn;0;0;0;0;0;0;11;5;2;0;9;0;0;0;0;2;0;0;0;0;0;0;0;0;0
999-29-1638;ssn;0;0;0;0;0;0;11;7;2;0;9;0;0;0;0;2;0;0;0;0;0;0;0;0;0
999-29-8742;ssn;0;0;0;0;0;0;11;6;2;0;9;0;0;0;0;2;0;0;0;0;0;0;0;0;0
999-93-5852;ssn;0;0;0;0;0;0;11;6;2;0;9;0;0;0;0;2;0;0;0;0;0;0;0;0;0
999-30-9254;ssn;0;0;0;0;0;0;11;7;2;0;9;0;0;0;0;2;0;0;0;0;0;0;0;0;0
999-82-3431;ssn;0;0;0;0;0;0;11;7;2;0;9;0;0;0;0;2;0;0;0;0;0;0;0;0;0
999-40-2038;ssn;0;0;0;0;0;0;11;7;2;0;9;0;0;0;0;2;0;0;0;0;0;0;0;0;0
999-71-2521;ssn;0;0;0;0;0;0;11;6;2;0;9;0;0;0;0;2;0;0;0;0;0;0;0;0;0
999-98-5187;ssn;0;0;0;0;0;0;11;6;2;0;9;0;0;0;0;2;0;0;0;0;0;0;0;0;0
999-96-8993;ssn;0;0;0;0;0;0;11;5;2;0;9;0;0;0;0;2;0;0;0;0;0;0;0;0;0
999-45-8052;ssn;0;0;0;0;0;0;11;7;2;0;9;0;0;0;0;2;0;0;0;0;0;0;0;0;0
999-10-2476;ssn;0;0;0;0;0;0;11;8;2;0;9;0;0;0;0;2;0;0;0;0;0;0;0;0;0
999-10-2648;ssn;0;0;0;0;0;0;11;8;2;0;9;0;0;0;0;2;0;0;0;0;0;0;0;0;0
999-42-5075;ssn;0;0;0;0;0;0;11;7;2;0;9;0;0;0;0;2;0;0;0;0;0;0;0;0;0
999-55-6977;ssn;0;0;0;0;0;0;11;5;2;0;9;0;0;0;0;2;0;0;0;0;0;0;0;0;0
999-68-4853;ssn;0;0;0;0;0;0;11;7;2;0;9;0;0;0;0;2;0;0;0;0;0;0;0;0;0
999-53-7118;ssn;0;0;0;0;0;0;11;7;2;0;9;0;0;0;0;2;0;0;0;0;0;0;0;0;0
999-98-3240;ssn;0;0;0;0;0;0;11;7;2;0;9;0;0;0;0;2;0;0;0;0;0;0;0;0;0
999-75-7029;ssn;0;0;0;0;0;0;11;6;2;0;9;0;0;0;0;2;0;0;0;0;0;0;0;0;0
999-65-6145;ssn;0;0;0;0;0;0;11;6;2;0;9;0;0;0;0;2;0;0;0;0;0;0;0;0;0
999-71-4691;ssn;0;0;0;0;0;0;11;6;2;0;9;0;0;0;0;2;0;0;0;0;0;0;0;0;0
999-19-3058;ssn;0;0;0;0;0;0;11;7;2;0;9;0;0;0;0;2;0;0;0;0;0;0;0;0;0
999-84-7566;ssn;0;0;0;0;0;0;11;7;2;0;9;0;0;0;0;2;0;0;0;0;0;0;0;0;0
999-47-9977;ssn;0;0;0;0;0;0;11;4;2;0;9;0;0;0;0;2;0;0;0;0;0;0;0;0;0
999-34-4417;ssn;0;0;0;0;0;0;11;6;2;0;9;0;0;0;0;2;0;0;0;0;0;0;0;0;0
999-43-7791;ssn;0;0;0;0;0;0;11;6;2;0;9;0;0;0;0;2;0;0;0;0;0;0;0;0;0
999-22-6040;ssn;0;0;0;0;0;0;11;6;2;0;9;0;0;0;0;2;0;0;0;0;0;0;0;0;0
999-15-4641;ssn;0;0;0;0;0;0;11;6;2;0;9;0;0;0;0;2;0;0;0;0;0;0;0;0;0
999-56-8452;ssn;0;0;0;0;0;0;11;7;2;0;9;0;0;0;0;2;0;0;0;0;0;0;0;0;0
999-70-1207;ssn;0;0;0;0;0;0;11;6;2;0;9;0;0;0;0;2;0;0;0;0;0;0;0;0;0
999-33-9003;ssn;0;0;0;0;0;0;11;4;2;0;9;0;0;0;0;2;0;0;0;0;0;0;0;0;0
999-54-3685;ssn;0;0;0;0;0;0;11;7;2;0;9;0;0;0;0;2;0;0;0;0;0;0;0;0;0
999-12-3313;ssn;0;0;0;0;0;0;11;5;2;0;9;0;0;0;0;2;0;0;0;0;0;0;0;0;0
999-68-9775;ssn;0;0;0;0;0;0;11;6;2;0;9;0;0;0;0;2;0;0;0;0;0;0;0;0;0
999-71-8239;ssn;0;0;0;0;0;0;11;7;2;0;9;0;0;0;0;2;0;0;0;0;0;0;0;0;0
999-91-5990;ssn;0;0;0;0;0;0;11;5;2;0;9;0;0;0;0;2;0;0;0;0;0;0;0;0;0
999-58-4910;ssn;0;0;0;0;0;0;11;7;2;0;9;0;0;0;0;2;0;0;0;0;0;0;0;0;0
999-53-4728;ssn;0;0;0;0;0;0;11;8;2;0;9;0;0;0;0;2;0;0;0;0;0;0;0;0;0
999-56-2189;ssn;0;0;0;0;0;0;11;7;2;0;9;0;0;0;0;2;0;0;0;0;0;0;0;0;0
999-85-8959;ssn;0;0;0;0;0;0;11;4;2;0;9;0;0;0;0;2;0;0;0;0;0;0;0;0;0
999-25-2764;ssn;0;0;0;0;0;0;11;7;2;0;9;0;0;0;0;2;0;0;0;0;0;0;0;0;0
999-63-1282;ssn;0;0;0;0;0;0;11;7;2;0;9;0;0;0;0;2;0;0;0;0;0;0;0;0;0
999-89-6109;ssn;0;0;0;0;0;0;11;6;2;0;9;0;0;0;0;2;0;0;0;0;0;0;0;0;0
999-81-9866;ssn;0;0;0;0;0;0;11;5;2;0;9;0;0;0;0;2;0;0;0;0;0;0;0;0;0
999-41-8169;ssn;0;0;0;0;0;0;11;6;2;0;9;0;0;0;0;2;0;0;0;0;0;0;0;0;0
999-11-8500;ssn;0;0;0;0;0;0;11;6;2;0;9;0;0;0;0;2;0;0;0;0;0;0;0;0;0
999-85-4516;ssn;0;0;0;0;0;0;11;7;2;0;9;0;0;0;0;2;0;0;0;0;0;0;0;0;0
999-45-2066;ssn;0;0;0;0;0;0;11;7;2;0;9;0;0;0;0;2;0;0;0;0;0;0;0;0;0
999-24-2985;ssn;0;0;0;0;0;0;11;6;2;0;9;0;0;0;0;2;0;0;0;0;0;0;0;0;0
999-64-1027;ssn;0;0;0;0;0;0;11;8;2;0;9;0;0;0;0;2;0;0;0;0;0;0;0;0;0
999-71-6481;ssn;0;0;0;0;0;0;11;7;2;0;9;0;0;0;0;2;0;0;0;0;0;0;0;0;0
999-61-2929;ssn;0;0;0;0;0;0;11;5;2;0;9;0;0;0;0;2;0;0;0;0;0;0;0;0;0
999-63-6624;ssn;0;0;0;0;0;0;11;6;2;0;9;0;0;0;0;2;0;0;0;0;0;0;0;0;0
999-75-4312;ssn;0;0;0;0;0;0;11;8;2;0;9;0;0;0;0;2;0;0;0;0;0;0;0;0;0
999-46-2448;ssn;0;0;0;0;0;0;11;6;2;0;9;0;0;0;0;2;0;0;0;0;0;0;0;0;0
999-16-2337;ssn;0;0;0;0;0;0;11;7;2;0;9;0;0;0;0;2;0;0;0;0;0;0;0;0;0
999-88-2084;ssn;0;0;0;0;0;0;11;6;2;0;9;0;0;0;0;2;0;0;0;0;0;0;0;0;0
999-45-6591;ssn;0;0;0;0;0;0;11;6;2;0;9;0;0;0;0;2;0;0;0;0;0;0;0;0;0
999-66-3017;ssn;0;0;0;0;0;0;11;7;2;0;9;0;0;0;0;2;0;0;0;0;0;0;0;0;0
999-39-4504;ssn;0;0;0;0;0;0;11;6;2;0;9;0;0;0;0;2;0;0;0;0;0;0;0;0;0
999-51-8475;ssn;0;0;0;0;0;0;11;7;2;0;9;0;0;0;0;2;0;0;0;0;0;0;0;0;0
999-54-1580;ssn;0;0;0;0;0;0;11;7;2;0;9;0;0;0;0;2;0;0;0;0;0;0;0;0;0
999-14-5997;ssn;0;0;0;0;0;0;11;6;2;0;9;0;0;0;0;2;0;0;0;0;0;0;0;0;0
999-38-2703;ssn;0;0;0;0;0;0;11;7;2;0;9;0;0;0;0;2;0;0;0;0;0;0;0;0;0
999-72-6571;ssn;0;0;0;0;0;0;11;7;2;0;9;0;0;0;0;2;0;0;0;0;0;0;0;0;0
999-28-2959;ssn;0;0;0;0;0;0;11;5;2;0;9;0;0;0;0;2;0;0;0;0;0;0;0;0;0
999-84-7605;ssn;0;0;0;0;0;0;11;8;2;0;9;0;0;0;0;2;0;0;0;0;0;0;0;0;0
999-41-3184;ssn;0;0;0;0;0;0;11;6;2;0;9;0;0;0;0;2;0;0;0;0;0;0;0;0;0
999-63-2045;ssn;0;0;0;0;0;0;11;8;2;0;9;0;0;0;0;2;0;0;0;0;0;0;0;0;0
999-67-4862;ssn;0;0;0;0;0;0;11;7;2;0;9;0;0;0;0;2;0;0;0;0;0;0;0;0;0
999-39-6645;ssn;0;0;0;0;0;0;11;6;2;0;9;0;0;0;0;2;0;0;0;0;0;0;0;0;0
999-83-3269;ssn;0;0;0;0;0;0;11;6;2;0;9;0;0;0;0;2;0;0;0;0;0;0;0;0;0
999-47-9532;ssn;0;0;0;0;0;0;11;7;2;0;9;0;0;0;0;2;0;0;0;0;0;0;0;0;0
999-60-5716;ssn;0;0;0;0;0;0;11;7;2;0;9;0;0;0;0;2;0;0;0;0;0;0;0;0;0
999-80-7021;ssn;0;0;0;0;0;0;11;7;2;0;9;0;0;0;0;2;0;0;0;0;0;0;0;0;0
999-16-9394;ssn;0;0;0;0;0;0;11;6;2;0;9;0;0;0;0;2;0;0;0;0;0;0;0;0;0
999-14-4898;ssn;0;0;0;0;0;0;11;5;2;0;9;0;0;0;0;2;0;0;0;0;0;0;0;0;0
999-32-7180;ssn;0;0;0;0;0;0;11;8;2;0;9;0;0;0;0;2;0;0;0;0;0;0;0;0;0
999-15-8693;ssn;0;0;0;0;0;0;11;7;2;0;9;0;0;0;0;2;0;0;0;0;0;0;0;0;0
999-65-7251;ssn;0;0;0;0;0;0;11;7;2;0;9;0;0;0;0;2;0;0;0;0;0;0;0;0;0
999-25-5760;ssn;0;0;0;0;0;0;11;7;2;0;9;0;0;0;0;2;0;0;0;0;0;0;0;0;0
999-78-2912;ssn;0;0;0;0;0;0;11;6;2;0;9;0;0;0;0;2;0;0;0;0;0;0;0;0;0
999-69-4233;ssn;0;0;0;0;0;0;11;6;2;0;9;0;0;0;0;2;0;0;0;0;0;0;0;0;0
999-93-1135;ssn;0;0;0;0;0;0;11;5;2;0;9;0;0;0;0;2;0;0;0;0;0;0;0;0;0
999-24-5109;ssn;0;0;0;0;0;0;11;7;2;0;9;0;0;0;0;2;0;0;0;0;0;0;0;0;0
999-81-8959;ssn;0;0;0;0;0;0;11;5;2;0;9;0;0;0;0;2;0;0;0;0;0;0;0;0;0
999-78-4454;ssn;0;0;0;0;0;0;11;6;2;0;9;0;0;0;0;2;0;0;0;0;0;0;0;0;0
999-37-6304;ssn;0;0;0;0;0;0;11;7;2;0;9;0;0;0;0;2;0;0;0;0;0;0;0;0;0
999-48-6447;ssn;0;0;0;0;0;0;11;6;2;0;9;0;0;0;0;2;0;0;0;0;0;0;0;0;0
999-88-3485;ssn;0;0;0;0;0;0;11;6;2;0;9;0;0;0;0;2;0;0;0;0;0;0;0;0;0
999-14-7254;ssn;0;0;0;0;0;0;11;7;2;0;9;0;0;0;0;2;0;0;0;0;0;0;0;0;0
999-73-1649;ssn;0;0;0;0;0;0;11;7;2;0;9;0;0;0;0;2;0;0;0;0;0;0;0;0;0
999-18-4224;ssn;0;0;0;0;0;0;11;6;2;0;9;0;0;0;0;2;0;0;0;0;0;0;0;0;0
999-67-9342;ssn;0;0;0;0;0;0;11;7;2;0;9;0;0;0;0;2;0;0;0;0;0;0;0;0;0
999-12-1337;ssn;0;0;0;0;0;0;11;6;2;0;9;0;0;0;0;2;0;0;0;0;0;0;0;0;0
999-74-3932;ssn;0;0;0;0;0;0;11;6;2;0;9;0;0;0;0;2;0;0;0;0;0;0;0;0;0
999-42-6894;ssn;0;0;0;0;0;0;11;6;2;0;9;0;0;0;0;2;0;0;0;0;0;0;0;0;0
999-13-7895;ssn;0;0;0;0;0;0;11;7;2;0;9;0;0;0;0;2;0;0;0;0;0;0;0;0;0
999-47-8203;ssn;0;0;0;0;0;0;11;8;2;0;9;0;0;0;0;2;0;0;0;0;0;0;0;0;0
999-53-9426;ssn;0;0;0;0;0;0;11;7;2;0;9;0;0;0;0;2;0;0;0;0;0;0;0;0;0
999-65-4799;ssn;0;0;0;0;0;0;11;6;2;0;9;0;0;0;0;2;0;0;0;0;0;0;0;0;0
999-38-1591;ssn;0;0;0;0;0;0;11;6;2;0;9;0;0;0;0;2;0;0;0;0;0;0;0;0;0
999-85-8844;ssn;0;0;0;0;0;0;11;5;2;0;9;0;0;0;0;2;0;0;0;0;0;0;0;0;0
999-52-5701;ssn;0;0;0;0;0;0;11;7;2;0;9;0;0;0;0;2;0;0;0;0;0;0;0;0;0
999-71-8000;ssn;0;0;0;0;0;0;11;6;2;0;9;0;0;0;0;2;0;0;0;0;0;0;0;0;0
999-68-7334;ssn;0;0;0;0;0;0;11;7;2;0;9;0;0;0;0;2;0;0;0;0;0;0;0;0;0
999-15-1490;ssn;0;0;0;0;0;0;11;6;2;0;9;0;0;0;0;2;0;0;0;0;0;0;0;0;0
999-66-4240;ssn;0;0;0;0;0;0;11;6;2;0;9;0;0;0;0;2;0;0;0;0;0;0;0;0;0
999-56-3955;ssn;0;0;0;0;0;0;11;5;2;0;9;0;0;0;0;2;0;0;0;0;0;0;0;0;0
999-43-7035;ssn;0;0;0;0;0;0;11;7;2;0;9;0;0;0;0;2;0;0;0;0;0;0;0;0;0
999-66-2432;ssn;0;0;0;0;0;0;11;6;2;0;9;0;0;0;0;2;0;0;0;0;0;0;0;0;0
999-99-2151;ssn;0;0;0;0;0;0;11;5;2;0;9;0;0;0;0;2;0;0;0;0;0;0;0;0;0
999-52-9243;ssn;0;0;0;0;0;0;11;6;2;0;9;0;0;0;0;2;0;0;0;0;0;0;0;0;0
999-91-6162;ssn;0;0;0;0;0;0;11;5;2;0;9;0;0;0;0;2;0;0;0;0;0;0;0;0;0
999-44-3394;ssn;0;0;0;0;0;0;11;4;2;0;9;0;0;0;0;2;0;0;0;0;0;0;0;0;0
999-26-4599;ssn;0;0;0;0;0;0;11;6;2;0;9;0;0;0;0;2;0;0;0;0;0;0;0;0;0
999-14-6935;ssn;0;0;0;0;0;0;11;7;2;0;9;0;0;0;0;2;0;0;0;0;0;0;0;0;0
999-60-4864;ssn;0;0;0;0;0;0;11;6;2;0;9;0;0;0;0;2;0;0;0;0;0;0;0;0;0
999-41-9708;ssn;0;0;0;0;0;0;11;7;2;0;9;0;0;0;0;2;0;0;0;0;0;0;0;0;0
999-87-9503;ssn;0;0;0;0;0;0;11;7;2;0;9;0;0;0;0;2;0;0;0;0;0;0;0;0;0
999-41-3107;ssn;0;0;0;0;0;0;11;7;2;0;9;0;0;0;0;2;0;0;0;0;0;0;0;0;0
999-17-2521;ssn;0;0;0;0;0;0;11;6;2;0;9;0;0;0;0;2;0;0;0;0;0;0;0;0;0
999-20-7462;ssn;0;0;0;0;0;0;11;7;2;0;9;0;0;0;0;2;0;0;0;0;0;0;0;0;0
999-28-9787;ssn;0;0;0;0;0;0;11;5;2;0;9;0;0;0;0;2;0;0;0;0;0;0;0;0;0
999-91-8775;ssn;0;0;0;0;0;0;11;6;2;0;9;0;0;0;0;2;0;0;0;0;0;0;0;0;0
999-51-6357;ssn;0;0;0;0;0;0;11;7;2;0;9;0;0;0;0;2;0;0;0;0;0;0;0;0;0
999-77-5786;ssn;0;0;0;0;0;0;11;6;2;0;9;0;0;0;0;2;0;0;0;0;0;0;0;0;0
999-57-4912;ssn;0;0;0;0;0;0;11;7;2;0;9;0;0;0;0;2;0;0;0;0;0;0;0;0;0
999-10-7900;ssn;0;0;0;0;0;0;11;5;2;0;9;0;0;0;0;2;0;0;0;0;0;0;0;0;0
999-88-3664;ssn;0;0;0;0;0;0;11;6;2;0;9;0;0;0;0;2;0;0;0;0;0;0;0;0;0
999-15-7361;ssn;0;0;0;0;0;0;11;7;2;0;9;0;0;0;0;2;0;0;0;0;0;0;0;0;0
999-76-6732;ssn;0;0;0;0;0;0;11;6;2;0;9;0;0;0;0;2;0;0;0;0;0;0;0;0;0
999-32-4052;ssn;0;0;0;0;0;0;11;7;2;0;9;0;0;0;0;2;0;0;0;0;0;0;0;0;0
999-66-9307;ssn;0;0;0;0;0;0;11;6;2;0;9;0;0;0;0;2;0;0;0;0;0;0;0;0;0
999-42-9877;ssn;0;0;0;0;0;0;11;6;2;0;9;0;0;0;0;2;0;0;0;0;0;0;0;0;0
999-62-6679;ssn;0;0;0;0;0;0;11;5;2;0;9;0;0;0;0;2;0;0;0;0;0;0;0;0;0
999-87-8647;ssn;0;0;0;0;0;0;11;6;2;0;9;0;0;0;0;2;0;0;0;0;0;0;0;0;0
999-81-8437;ssn;0;0;0;0;0;0;11;7;2;0;9;0;0;0;0;2;0;0;0;0;0;0;0;0;0
999-24-3379;ssn;0;0;0;0;0;0;11;6;2;0;9;0;0;0;0;2;0;0;0;0;0;0;0;0;0
999-82-4929;ssn;0;0;0;0;0;0;11;5;2;0;9;0;0;0;0;2;0;0;0;0;0;0;0;0;0
999-11-7947;ssn;0;0;0;0;0;0;11;5;2;0;9;0;0;0;0;2;0;0;0;0;0;0;0;0;0
999-48-7529;ssn;0;0;0;0;0;0;11;7;2;0;9;0;0;0;0;2;0;0;0;0;0;0;0;0;0
999-58-3739;ssn;0;0;0;0;0;0;11;6;2;0;9;0;0;0;0;2;0;0;0;0;0;0;0;0;0
999-51-1922;ssn;0;0;0;0;0;0;11;5;2;0;9;0;0;0;0;2;0;0;0;0;0;0;0;0;0
999-97-2124;ssn;0;0;0;0;0;0;11;6;2;0;9;0;0;0;0;2;0;0;0;0;0;0;0;0;0
999-94-4174;ssn;0;0;0;0;0;0;11;5;2;0;9;0;0;0;0;2;0;0;0;0;0;0;0;0;0
999-31-6568;ssn;0;0;0;0;0;0;11;7;2;0;9;0;0;0;0;2;0;0;0;0;0;0;0;0;0
999-35-9664;ssn;0;0;0;0;0;0;11;6;2;0;9;0;0;0;0;2;0;0;0;0;0;0;0;0;0
999-30-8333;ssn;0;0;0;0;0;0;11;5;2;0;9;0;0;0;0;2;0;0;0;0;0;0;0;0;0
999-42-6260;ssn;0;0;0;0;0;0;11;6;2;0;9;0;0;0;0;2;0;0;0;0;0;0;0;0;0
999-46-1796;ssn;0;0;0;0;0;0;11;6;2;0;9;0;0;0;0;2;0;0;0;0;0;0;0;0;0
999-31-4481;ssn;0;0;0;0;0;0;11;6;2;0;9;0;0;0;0;2;0;0;0;0;0;0;0;0;0
999-70-5422;ssn;0;0;0;0;0;0;11;7;2;0;9;0;0;0;0;2;0;0;0;0;0;0;0;0;0
999-76-7579;ssn;0;0;0;0;0;0;11;5;2;0;9;0;0;0;0;2;0;0;0;0;0;0;0;0;0
999-30-4216;ssn;0;0;0;0;0;0;11;8;2;0;9;0;0;0;0;2;0;0;0;0;0;0;0;0;0
999-65-4011;ssn;0;0;0;0;0;0;11;7;2;0;9;0;0;0;0;2;0;0;0;0;0;0;0;0;0
999-65-2274;ssn;0;0;0;0;0;0;11;7;2;0;9;0;0;0;0;2;0;0;0;0;0;0;0;0;0
999-36-2933;ssn;0;0;0;0;0;0;11;5;2;0;9;0;0;0;0;2;0;0;0;0;0;0;0;0;0
999-17-1514;ssn;0;0;0;0;0;0;11;6;2;0;9;0;0;0;0;2;0;0;0;0;0;0;0;0;0
999-84-8268;ssn;0;0;0;0;0;0;11;6;2;0;9;0;0;0;0;2;0;0;0;0;0;0;0;0;0
999-13-3606;ssn;0;0;0;0;0;0;11;6;2;0;9;0;0;0;0;2;0;0;0;0;0;0;0;0;0
999-18-9217;ssn;0;0;0;0;0;0;11;6;2;0;9;0;0;0;0;2;0;0;0;0;0;0;0;0;0
999-59-9300;ssn;0;0;0;0;0;0;11;5;2;0;9;0;0;0;0;2;0;0;0;0;0;0;0;0;0
999-65-6969;ssn;0;0;0;0;0;0;11;4;2;0;9;0;0;0;0;2;0;0;0;0;0;0;0;0;0
999-27-3003;ssn;0;0;0;0;0;0;11;6;2;0;9;0;0;0;0;2;0;0;0;0;0;0;0;0;0
999-71-4710;ssn;0;0;0;0;0;0;11;6;2;0;9;0;0;0;0;2;0;0;0;0;0;0;0;0;0
999-31-6205;ssn;0;0;0;0;0;0;11;8;2;0;9;0;0;0;0;2;0;0;0;0;0;0;0;0;0
999-55-7451;ssn;0;0;0;0;0;0;11;6;2;0;9;0;0;0;0;2;0;0;0;0;0;0;0;0;0
999-90-4163;ssn;0;0;0;0;0;0;11;7;2;0;9;0;0;0;0;2;0;0;0;0;0;0;0;0;0
999-54-5298;ssn;0;0;0;0;0;0;11;6;2;0;9;0;0;0;0;2;0;0;0;0;0;0;0;0;0
999-52-2025;ssn;0;0;0;0;0;0;11;5;2;0;9;0;0;0;0;2;0;0;0;0;0;0;0;0;0
999-42-6696;ssn;0;0;0;0;0;0;11;5;2;0;9;0;0;0;0;2;0;0;0;0;0;0;0;0;0
999-56-3491;ssn;0;0;0;0;0;0;11;7;2;0;9;0;0;0;0;2;0;0;0;0;0;0;0;0;0
999-94-8701;ssn;0;0;0;0;0;0;11;7;2;0;9;0;0;0;0;2;0;0;0;0;0;0;0;0;0
999-25-6740;ssn;0;0;0;0;0;0;11;8;2;0;9;0;0;0;0;2;0;0;0;0;0;0;0;0;0
999-29-5857;ssn;0;0;0;0;0;0;11;6;2;0;9;0;0;0;0;2;0;0;0;0;0;0;0;0;0
999-59-5288;ssn;0;0;0;0;0;0;11;5;2;0;9;0;0;0;0;2;0;0;0;0;0;0;0;0;0
999-66-4768;ssn;0;0;0;0;0;0;11;6;2;0;9;0;0;0;0;2;0;0;0;0;0;0;0;0;0
999-48-8482;ssn;0;0;0;0;0;0;11;5;2;0;9;0;0;0;0;2;0;0;0;0;0;0;0;0;0
999-91-6672;ssn;0;0;0;0;0;0;11;6;2;0;9;0;0;0;0;2;0;0;0;0;0;0;0;0;0
999-85-7749;ssn;0;0;0;0;0;0;11;6;2;0;9;0;0;0;0;2;0;0;0;0;0;0;0;0;0
999-14-3005;ssn;0;0;0;0;0;0;11;7;2;0;9;0;0;0;0;2;0;0;0;0;0;0;0;0;0
999-52-5045;ssn;0;0;0;0;0;0;11;6;2;0;9;0;0;0;0;2;0;0;0;0;0;0;0;0;0
999-65-4153;ssn;0;0;0;0;0;0;11;7;2;0;9;0;0;0;0;2;0;0;0;0;0;0;0;0;0
999-97-1129;ssn;0;0;0;0;0;0;11;5;2;0;9;0;0;0;0;2;0;0;0;0;0;0;0;0;0
999-45-9939;ssn;0;0;0;0;0;0;11;5;2;0;9;0;0;0;0;2;0;0;0;0;0;0;0;0;0
999-99-8497;ssn;0;0;0;0;0;0;11;5;2;0;9;0;0;0;0;2;0;0;0;0;0;0;0;0;0
999-23-7682;ssn;0;0;0;0;0;0;11;7;2;0;9;0;0;0;0;2;0;0;0;0;0;0;0;0;0
999-85-3951;ssn;0;0;0;0;0;0;11;6;2;0;9;0;0;0;0;2;0;0;0;0;0;0;0;0;0
999-20-3592;ssn;0;0;0;0;0;0;11;6;2;0;9;0;0;0;0;2;0;0;0;0;0;0;0;0;0
999-41-4593;ssn;0;0;0;0;0;0;11;6;2;0;9;0;0;0;0;2;0;0;0;0;0;0;0;0;0
999-40-5990;ssn;0;0;0;0;0;0;11;5;2;0;9;0;0;0;0;2;0;0;0;0;0;0;0;0;0
999-98-4218;ssn;0;0;0;0;0;0;11;6;2;0;9;0;0;0;0;2;0;0;0;0;0;0;0;0;0
999-48-4281;ssn;0;0;0;0;0;0;11;6;2;0;9;0;0;0;0;2;0;0;0;0;0;0;0;0;0
999-17-7432;ssn;0;0;0;0;0;0;11;7;2;0;9;0;0;0;0;2;0;0;0;0;0;0;0;0;0
999-99-2422;ssn;0;0;0;0;0;0;11;4;2;0;9;0;0;0;0;2;0;0;0;0;0;0;0;0;0
999-34-2816;ssn;0;0;0;0;0;0;11;8;2;0;9;0;0;0;0;2;0;0;0;0;0;0;0;0;0
999-66-8847;ssn;0;0;0;0;0;0;11;6;2;0;9;0;0;0;0;2;0;0;0;0;0;0;0;0;0
999-43-7618;ssn;0;0;0;0;0;0;11;8;2;0;9;0;0;0;0;2;0;0;0;0;0;0;0;0;0
999-49-3586;ssn;0;0;0;0;0;0;11;7;2;0;9;0;0;0;0;2;0;0;0;0;0;0;0;0;0
999-24-9602;ssn;0;0;0;0;0;0;11;6;2;0;9;0;0;0;0;2;0;0;0;0;0;0;0;0;0
999-78-2497;ssn;0;0;0;0;0;0;11;6;2;0;9;0;0;0;0;2;0;0;0;0;0;0;0;0;0
999-40-8269;ssn;0;0;0;0;0;0;11;7;2;0;9;0;0;0;0;2;0;0;0;0;0;0;0;0;0
999-23-9389;ssn;0;0;0;0;0;0;11;5;2;0;9;0;0;0;0;2;0;0;0;0;0;0;0;0;0
999-69-2538;ssn;0;0;0;0;0;0;11;7;2;0;9;0;0;0;0;2;0;0;0;0;0;0;0;0;0
999-64-1971;ssn;0;0;0;0;0;0;11;6;2;0;9;0;0;0;0;2;0;0;0;0;0;0;0;0;0
999-49-2911;ssn;0;0;0;0;0;0;11;5;2;0;9;0;0;0;0;2;0;0;0;0;0;0;0;0;0
999-14-4717;ssn;0;0;0;0;0;0;11;5;2;0;9;0;0;0;0;2;0;0;0;0;0;0;0;0;0
999-95-7510;ssn;0;0;0;0;0;0;11;6;2;0;9;0;0;0;0;2;0;0;0;0;0;0;0;0;0
999-48-4445;ssn;0;0;0;0;0;0;11;5;2;0;9;0;0;0;0;2;0;0;0;0;0;0;0;0;0
999-95-7968;ssn;0;0;0;0;0;0;11;6;2;0;9;0;0;0;0;2;0;0;0;0;0;0;0;0;0
999-50-3108;ssn;0;0;0;0;0;0;11;7;2;0;9;0;0;0;0;2;0;0;0;0;0;0;0;0;0
999-42-7587;ssn;0;0;0;0;0;0;11;7;2;0;9;0;0;0;0;2;0;0;0;0;0;0;0;0;0
999-71-7436;ssn;0;0;0;0;0;0;11;7;2;0;9;0;0;0;0;2;0;0;0;0;0;0;0;0;0
999-38-5015;ssn;0;0;0;0;0;0;11;7;2;0;9;0;0;0;0;2;0;0;0;0;0;0;0;0;0
999-46-6109;ssn;0;0;0;0;0;0;11;6;2;0;9;0;0;0;0;2;0;0;0;0;0;0;0;0;0
999-23-5224;ssn;0;0;0;0;0;0;11;6;2;0;9;0;0;0;0;2;0;0;0;0;0;0;0;0;0
999-96-5753;ssn;0;0;0;0;0;0;11;6;2;0;9;0;0;0;0;2;0;0;0;0;0;0;0;0;0
999-42-1538;ssn;0;0;0;0;0;0;11;8;2;0;9;0;0;0;0;2;0;0;0;0;0;0;0;0;0
999-76-6124;ssn;0;0;0;0;0;0;11;7;2;0;9;0;0;0;0;2;0;0;0;0;0;0;0;0;0
999-64-4979;ssn;0;0;0;0;0;0;11;5;2;0;9;0;0;0;0;2;0;0;0;0;0;0;0;0;0
999-47-9766;ssn;0;0;0;0;0;0;11;5;2;0;9;0;0;0;0;2;0;0;0;0;0;0;0;0;0
999-62-9429;ssn;0;0;0;0;0;0;11;5;2;0;9;0;0;0;0;2;0;0;0;0;0;0;0;0;0
999-90-5918;ssn;0;0;0;0;0;0;11;6;2;0;9;0;0;0;0;2;0;0;0;0;0;0;0;0;0
999-53-5542;ssn;0;0;0;0;0;0;11;6;2;0;9;0;0;0;0;2;0;0;0;0;0;0;0;0;0
999-35-5585;ssn;0;0;0;0;0;0;11;5;2;0;9;0;0;0;0;2;0;0;0;0;0;0;0;0;0
999-78-4268;ssn;0;0;0;0;0;0;11;7;2;0;9;0;0;0;0;2;0;0;0;0;0;0;0;0;0
999-13-7957;ssn;0;0;0;0;0;0;11;6;2;0;9;0;0;0;0;2;0;0;0;0;0;0;0;0;0
999-22-5788;ssn;0;0;0;0;0;0;11;6;2;0;9;0;0;0;0;2;0;0;0;0;0;0;0;0;0
999-79-1663;ssn;0;0;0;0;0;0;11;6;2;0;9;0;0;0;0;2;0;0;0;0;0;0;0;0;0
999-57-9978;ssn;0;0;0;0;0;0;11;5;2;0;9;0;0;0;0;2;0;0;0;0;0;0;0;0;0
999-68-7670;ssn;0;0;0;0;0;0;11;6;2;0;9;0;0;0;0;2;0;0;0;0;0;0;0;0;0
999-31-8664;ssn;0;0;0;0;0;0;11;7;2;0;9;0;0;0;0;2;0;0;0;0;0;0;0;0;0
999-44-1295;ssn;0;0;0;0;0;0;11;6;2;0;9;0;0;0;0;2;0;0;0;0;0;0;0;0;0
999-44-8240;ssn;0;0;0;0;0;0;11;6;2;0;9;0;0;0;0;2;0;0;0;0;0;0;0;0;0
999-91-8559;ssn;0;0;0;0;0;0;11;5;2;0;9;0;0;0;0;2;0;0;0;0;0;0;0;0;0
999-40-6171;ssn;0;0;0;0;0;0;11;7;2;0;9;0;0;0;0;2;0;0;0;0;0;0;0;0;0
999-42-4039;ssn;0;0;0;0;0;0;11;6;2;0;9;0;0;0;0;2;0;0;0;0;0;0;0;0;0
999-53-8873;ssn;0;0;0;0;0;0;11;6;2;0;9;0;0;0;0;2;0;0;0;0;0;0;0;0;0
999-58-8900;ssn;0;0;0;0;0;0;11;5;2;0;9;0;0;0;0;2;0;0;0;0;0;0;0;0;0
999-20-8367;ssn;0;0;0;0;0;0;11;8;2;0;9;0;0;0;0;2;0;0;0;0;0;0;0;0;0
999-65-2459;ssn;0;0;0;0;0;0;11;6;2;0;9;0;0;0;0;2;0;0;0;0;0;0;0;0;0
999-70-9891;ssn;0;0;0;0;0;0;11;6;2;0;9;0;0;0;0;2;0;0;0;0;0;0;0;0;0
999-15-2294;ssn;0;0;0;0;0;0;11;6;2;0;9;0;0;0;0;2;0;0;0;0;0;0;0;0;0
999-66-7082;ssn;0;0;0;0;0;0;11;7;2;0;9;0;0;0;0;2;0;0;0;0;0;0;0;0;0
999-98-9877;ssn;0;0;0;0;0;0;11;4;2;0;9;0;0;0;0;2;0;0;0;0;0;0;0;0;0
999-11-9124;ssn;0;0;0;0;0;0;11;5;2;0;9;0;0;0;0;2;0;0;0;0;0;0;0;0;0
999-60-2987;ssn;0;0;0;0;0;0;11;7;2;0;9;0;0;0;0;2;0;0;0;0;0;0;0;0;0
999-32-6432;ssn;0;0;0;0;0;0;11;6;2;0;9;0;0;0;0;2;0;0;0;0;0;0;0;0;0
999-75-1463;ssn;0;0;0;0;0;0;11;8;2;0;9;0;0;0;0;2;0;0;0;0;0;0;0;0;0
999-22-8942;ssn;0;0;0;0;0;0;11;5;2;0;9;0;0;0;0;2;0;0;0;0;0;0;0;0;0
999-87-8872;ssn;0;0;0;0;0;0;11;5;2;0;9;0;0;0;0;2;0;0;0;0;0;0;0;0;0
999-69-1995;ssn;0;0;0;0;0;0;11;5;2;0;9;0;0;0;0;2;0;0;0;0;0;0;0;0;0
999-70-1460;ssn;0;0;0;0;0;0;11;7;2;0;9;0;0;0;0;2;0;0;0;0;0;0;0;0;0
999-70-4862;ssn;0;0;0;0;0;0;11;8;2;0;9;0;0;0;0;2;0;0;0;0;0;0;0;0;0
999-47-4512;ssn;0;0;0;0;0;0;11;7;2;0;9;0;0;0;0;2;0;0;0;0;0;0;0;0;0
999-11-2558;ssn;0;0;0;0;0;0;11;6;2;0;9;0;0;0;0;2;0;0;0;0;0;0;0;0;0
999-26-7209;ssn;0;0;0;0;0;0;11;6;2;0;9;0;0;0;0;2;0;0;0;0;0;0;0;0;0
999-55-1055;ssn;0;0;0;0;0;0;11;5;2;0;9;0;0;0;0;2;0;0;0;0;0;0;0;0;0
999-48-9359;ssn;0;0;0;0;0;0;11;6;2;0;9;0;0;0;0;2;0;0;0;0;0;0;0;0;0
999-95-2454;ssn;0;0;0;0;0;0;11;5;2;0;9;0;0;0;0;2;0;0;0;0;0;0;0;0;0
999-27-8327;ssn;0;0;0;0;0;0;11;6;2;0;9;0;0;0;0;2;0;0;0;0;0;0;0;0;0
999-90-9217;ssn;0;0;0;0;0;0;11;6;2;0;9;0;0;0;0;2;0;0;0;0;0;0;0;0;0
999-73-3779;ssn;0;0;0;0;0;0;11;4;2;0;9;0;0;0;0;2;0;0;0;0;0;0;0;0;0
999-83-2996;ssn;0;0;0;0;0;0;11;6;2;0;9;0;0;0;0;2;0;0;0;0;0;0;0;0;0
999-29-5500;ssn;0;0;0;0;0;0;11;5;2;0;9;0;0;0;0;2;0;0;0;0;0;0;0;0;0
999-95-1069;ssn;0;0;0;0;0;0;11;6;2;0;9;0;0;0;0;2;0;0;0;0;0;0;0;0;0
999-74-1745;ssn;0;0;0;0;0;0;11;6;2;0;9;0;0;0;0;2;0;0;0;0;0;0;0;0;0
999-79-3313;ssn;0;0;0;0;0;0;11;5;2;0;9;0;0;0;0;2;0;0;0;0;0;0;0;0;0
999-20-8709;ssn;0;0;0;0;0;0;11;6;2;0;9;0;0;0;0;2;0;0;0;0;0;0;0;0;0
999-78-1156;ssn;0;0;0;0;0;0;11;7;2;0;9;0;0;0;0;2;0;0;0;0;0;0;0;0;0
999-67-8560;ssn;0;0;0;0;0;0;11;7;2;0;9;0;0;0;0;2;0;0;0;0;0;0;0;0;0
999-97-7290;ssn;0;0;0;0;0;0;11;5;2;0;9;0;0;0;0;2;0;0;0;0;0;0;0;0;0
999-58-3474;ssn;0;0;0;0;0;0;11;7;2;0;9;0;0;0;0;2;0;0;0;0;0;0;0;0;0
999-33-8166;ssn;0;0;0;0;0;0;11;6;2;0;9;0;0;0;0;2;0;0;0;0;0;0;0;0;0
999-11-3502;ssn;0;0;0;0;0;0;11;7;2;0;9;0;0;0;0;2;0;0;0;0;0;0;0;0;0
999-62-1704;ssn;0;0;0;0;0;0;11;8;2;0;9;0;0;0;0;2;0;0;0;0;0;0;0;0;0
999-63-3557;ssn;0;0;0;0;0;0;11;6;2;0;9;0;0;0;0;2;0;0;0;0;0;0;0;0;0
999-93-2714;ssn;0;0;0;0;0;0;11;7;2;0;9;0;0;0;0;2;0;0;0;0;0;0;0;0;0
999-58-1909;ssn;0;0;0;0;0;0;11;6;2;0;9;0;0;0;0;2;0;0;0;0;0;0;0;0;0
999-69-8165;ssn;0;0;0;0;0;0;11;6;2;0;9;0;0;0;0;2;0;0;0;0;0;0;0;0;0
999-64-8749;ssn;0;0;0;0;0;0;11;6;2;0;9;0;0;0;0;2;0;0;0;0;0;0;0;0;0
999-75-5991;ssn;0;0;0;0;0;0;11;5;2;0;9;0;0;0;0;2;0;0;0;0;0;0;0;0;0
999-21-8000;ssn;0;0;0;0;0;0;11;6;2;0;9;0;0;0;0;2;0;0;0;0;0;0;0;0;0
999-72-5385;ssn;0;0;0;0;0;0;11;7;2;0;9;0;0;0;0;2;0;0;0;0;0;0;0;0;0
999-51-3478;ssn;0;0;0;0;0;0;11;8;2;0;9;0;0;0;0;2;0;0;0;0;0;0;0;0;0
999-28-9182;ssn;0;0;0;0;0;0;11;5;2;0;9;0;0;0;0;2;0;0;0;0;0;0;0;0;0
999-20-1293;ssn;0;0;0;0;0;0;11;6;2;0;9;0;0;0;0;2;0;0;0;0;0;0;0;0;0
999-95-9673;ssn;0;0;0;0;0;0;11;6;2;0;9;0;0;0;0;2;0;0;0;0;0;0;0;0;0
999-25-4963;ssn;0;0;0;0;0;0;11;7;2;0;9;0;0;0;0;2;0;0;0;0;0;0;0;0;0
999-36-8057;ssn;0;0;0;0;0;0;11;8;2;0;9;0;0;0;0;2;0;0;0;0;0;0;0;0;0
999-71-6797;ssn;0;0;0;0;0;0;11;5;2;0;9;0;0;0;0;2;0;0;0;0;0;0;0;0;0
999-43-7243;ssn;0;0;0;0;0;0;11;6;2;0;9;0;0;0;0;2;0;0;0;0;0;0;0;0;0
999-77-4398;ssn;0;0;0;0;0;0;11;6;2;0;9;0;0;0;0;2;0;0;0;0;0;0;0;0;0
999-62-3317;ssn;0;0;0;0;0;0;11;7;2;0;9;0;0;0;0;2;0;0;0;0;0;0;0;0;0
999-63-5768;ssn;0;0;0;0;0;0;11;7;2;0;9;0;0;0;0;2;0;0;0;0;0;0;0;0;0
999-15-6075;ssn;0;0;0;0;0;0;11;7;2;0;9;0;0;0;0;2;0;0;0;0;0;0;0;0;0
999-13-6192;ssn;0;0;0;0;0;0;11;6;2;0;9;0;0;0;0;2;0;0;0;0;0;0;0;0;0
999-65-2124;ssn;0;0;0;0;0;0;11;7;2;0;9;0;0;0;0;2;0;0;0;0;0;0;0;0;0
999-89-4204;ssn;0;0;0;0;0;0;11;6;2;0;9;0;0;0;0;2;0;0;0;0;0;0;0;0;0
999-92-8121;ssn;0;0;0;0;0;0;11;5;2;0;9;0;0;0;0;2;0;0;0;0;0;0;0;0;0
999-67-7808;ssn;0;0;0;0;0;0;11;6;2;0;9;0;0;0;0;2;0;0;0;0;0;0;0;0;0
999-56-9439;ssn;0;0;0;0;0;0;11;6;2;0;9;0;0;0;0;2;0;0;0;0;0;0;0;0;0
999-89-1660;ssn;0;0;0;0;0;0;11;6;2;0;9;0;0;0;0;2;0;0;0;0;0;0;0;0;0
999-42-1965;ssn;0;0;0;0;0;0;11;7;2;0;9;0;0;0;0;2;0;0;0;0;0;0;0;0;0
999-75-7356;ssn;0;0;0;0;0;0;11;6;2;0;9;0;0;0;0;2;0;0;0;0;0;0;0;0;0
999-61-6347;ssn;0;0;0;0;0;0;11;7;2;0;9;0;0;0;0;2;0;0;0;0;0;0;0;0;0
999-98-7682;ssn;0;0;0;0;0;0;11;6;2;0;9;0;0;0;0;2;0;0;0;0;0;0;0;0;0
999-83-1600;ssn;0;0;0;0;0;0;11;7;2;0;9;0;0;0;0;2;0;0;0;0;0;0;0;0;0
999-70-6842;ssn;0;0;0;0;0;0;11;8;2;0;9;0;0;0;0;2;0;0;0;0;0;0;0;0;0
999-84-2869;ssn;0;0;0;0;0;0;11;6;2;0;9;0;0;0;0;2;0;0;0;0;0;0;0;0;0
999-48-2818;ssn;0;0;0;0;0;0;11;6;2;0;9;0;0;0;0;2;0;0;0;0;0;0;0;0;0
999-14-4855;ssn;0;0;0;0;0;0;11;6;2;0;9;0;0;0;0;2;0;0;0;0;0;0;0;0;0
999-18-3695;ssn;0;0;0;0;0;0;11;7;2;0;9;0;0;0;0;2;0;0;0;0;0;0;0;0;0
999-86-5622;ssn;0;0;0;0;0;0;11;6;2;0;9;0;0;0;0;2;0;0;0;0;0;0;0;0;0
999-60-2811;ssn;0;0;0;0;0;0;11;7;2;0;9;0;0;0;0;2;0;0;0;0;0;0;0;0;0
999-10-6468;ssn;0;0;0;0;0;0;11;7;2;0;9;0;0;0;0;2;0;0;0;0;0;0;0;0;0
999-28-2393;ssn;0;0;0;0;0;0;11;5;2;0;9;0;0;0;0;2;0;0;0;0;0;0;0;0;0
999-20-6952;ssn;0;0;0;0;0;0;11;6;2;0;9;0;0;0;0;2;0;0;0;0;0;0;0;0;0
999-85-4133;ssn;0;0;0;0;0;0;11;7;2;0;9;0;0;0;0;2;0;0;0;0;0;0;0;0;0
999-83-7273;ssn;0;0;0;0;0;0;11;6;2;0;9;0;0;0;0;2;0;0;0;0;0;0;0;0;0
999-36-6807;ssn;0;0;0;0;0;0;11;7;2;0;9;0;0;0;0;2;0;0;0;0;0;0;0;0;0
999-62-4165;ssn;0;0;0;0;0;0;11;7;2;0;9;0;0;0;0;2;0;0;0;0;0;0;0;0;0
999-10-9214;ssn;0;0;0;0;0;0;11;6;2;0;9;0;0;0;0;2;0;0;0;0;0;0;0;0;0
999-55-1091;ssn;0;0;0;0;0;0;11;5;2;0;9;0;0;0;0;2;0;0;0;0;0;0;0;0;0
999-39-8870;ssn;0;0;0;0;0;0;11;6;2;0;9;0;0;0;0;2;0;0;0;0;0;0;0;0;0
999-24-1857;ssn;0;0;0;0;0;0;11;8;2;0;9;0;0;0;0;2;0;0;0;0;0;0;0;0;0
999-39-5781;ssn;0;0;0;0;0;0;11;7;2;0;9;0;0;0;0;2;0;0;0;0;0;0;0;0;0
999-26-3428;ssn;0;0;0;0;0;0;11;7;2;0;9;0;0;0;0;2;0;0;0;0;0;0;0;0;0
999-91-7829;ssn;0;0;0;0;0;0;11;6;2;0;9;0;0;0;0;2;0;0;0;0;0;0;0;0;0
999-19-8075;ssn;0;0;0;0;0;0;11;7;2;0;9;0;0;0;0;2;0;0;0;0;0;0;0;0;0
999-13-6959;ssn;0;0;0;0;0;0;11;6;2;0;9;0;0;0;0;2;0;0;0;0;0;0;0;0;0
999-56-4595;ssn;0;0;0;0;0;0;11;5;2;0;9;0;0;0;0;2;0;0;0;0;0;0;0;0;0
999-58-5035;ssn;0;0;0;0;0;0;11;6;2;0;9;0;0;0;0;2;0;0;0;0;0;0;0;0;0
999-67-2204;ssn;0;0;0;0;0;0;11;7;2;0;9;0;0;0;0;2;0;0;0;0;0;0;0;0;0
999-57-6360;ssn;0;0;0;0;0;0;11;7;2;0;9;0;0;0;0;2;0;0;0;0;0;0;0;0;0
999-74-9019;ssn;0;0;0;0;0;0;11;6;2;0;9;0;0;0;0;2;0;0;0;0;0;0;0;0;0
999-56-3073;ssn;0;0;0;0;0;0;11;7;2;0;9;0;0;0;0;2;0;0;0;0;0;0;0;0;0
999-90-3562;ssn;0;0;0;0;0;0;11;7;2;0;9;0;0;0;0;2;0;0;0;0;0;0;0;0;0
999-94-2049;ssn;0;0;0;0;0;0;11;5;2;0;9;0;0;0;0;2;0;0;0;0;0;0;0;0;0
999-77-5849;ssn;0;0;0;0;0;0;11;6;2;0;9;0;0;0;0;2;0;0;0;0;0;0;0;0;0
999-56-7855;ssn;0;0;0;0;0;0;11;6;2;0;9;0;0;0;0;2;0;0;0;0;0;0;0;0;0
999-33-9850;ssn;0;0;0;0;0;0;11;6;2;0;9;0;0;0;0;2;0;0;0;0;0;0;0;0;0
999-40-3495;ssn;0;0;0;0;0;0;11;6;2;0;9;0;0;0;0;2;0;0;0;0;0;0;0;0;0
999-97-9369;ssn;0;0;0;0;0;0;11;5;2;0;9;0;0;0;0;2;0;0;0;0;0;0;0;0;0
999-74-5361;ssn;0;0;0;0;0;0;11;8;2;0;9;0;0;0;0;2;0;0;0;0;0;0;0;0;0
999-56-6805;ssn;0;0;0;0;0;0;11;6;2;0;9;0;0;0;0;2;0;0;0;0;0;0;0;0;0
999-65-2828;ssn;0;0;0;0;0;0;11;6;2;0;9;0;0;0;0;2;0;0;0;0;0;0;0;0;0
999-23-5992;ssn;0;0;0;0;0;0;11;5;2;0;9;0;0;0;0;2;0;0;0;0;0;0;0;0;0
999-51-3975;ssn;0;0;0;0;0;0;11;6;2;0;9;0;0;0;0;2;0;0;0;0;0;0;0;0;0
999-16-8895;ssn;0;0;0;0;0;0;11;6;2;0;9;0;0;0;0;2;0;0;0;0;0;0;0;0;0
999-72-1406;ssn;0;0;0;0;0;0;11;8;2;0;9;0;0;0;0;2;0;0;0;0;0;0;0;0;0
999-64-9894;ssn;0;0;0;0;0;0;11;5;2;0;9;0;0;0;0;2;0;0;0;0;0;0;0;0;0
999-72-3485;ssn;0;0;0;0;0;0;11;8;2;0;9;0;0;0;0;2;0;0;0;0;0;0;0;0;0
999-97-3947;ssn;0;0;0;0;0;0;11;5;2;0;9;0;0;0;0;2;0;0;0;0;0;0;0;0;0
999-74-7037;ssn;0;0;0;0;0;0;11;6;2;0;9;0;0;0;0;2;0;0;0;0;0;0;0;0;0
999-44-6505;ssn;0;0;0;0;0;0;11;6;2;0;9;0;0;0;0;2;0;0;0;0;0;0;0;0;0
999-91-7825;ssn;0;0;0;0;0;0;11;7;2;0;9;0;0;0;0;2;0;0;0;0;0;0;0;0;0
999-57-7712;ssn;0;0;0;0;0;0;11;6;2;0;9;0;0;0;0;2;0;0;0;0;0;0;0;0;0
999-35-5246;ssn;0;0;0;0;0;0;11;7;2;0;9;0;0;0;0;2;0;0;0;0;0;0;0;0;0
999-76-7615;ssn;0;0;0;0;0;0;11;6;2;0;9;0;0;0;0;2;0;0;0;0;0;0;0;0;0
999-12-3647;ssn;0;0;0;0;0;0;11;8;2;0;9;0;0;0;0;2;0;0;0;0;0;0;0;0;0
999-58-7514;ssn;0;0;0;0;0;0;11;7;2;0;9;0;0;0;0;2;0;0;0;0;0;0;0;0;0
999-45-2589;ssn;0;0;0;0;0;0;11;6;2;0;9;0;0;0;0;2;0;0;0;0;0;0;0;0;0
999-86-9683;ssn;0;0;0;0;0;0;11;5;2;0;9;0;0;0;0;2;0;0;0;0;0;0;0;0;0
999-87-8897;ssn;0;0;0;0;0;0;11;4;2;0;9;0;0;0;0;2;0;0;0;0;0;0;0;0;0
999-74-9420;ssn;0;0;0;0;0;0;11;6;2;0;9;0;0;0;0;2;0;0;0;0;0;0;0;0;0
999-93-1657;ssn;0;0;0;0;0;0;11;7;2;0;9;0;0;0;0;2;0;0;0;0;0;0;0;0;0
999-65-2677;ssn;0;0;0;0;0;0;11;6;2;0;9;0;0;0;0;2;0;0;0;0;0;0;0;0;0
999-43-2565;ssn;0;0;0;0;0;0;11;7;2;0;9;0;0;0;0;2;0;0;0;0;0;0;0;0;0
999-63-9226;ssn;0;0;0;0;0;0;11;5;2;0;9;0;0;0;0;2;0;0;0;0;0;0;0;0;0
999-90-4879;ssn;0;0;0;0;0;0;11;6;2;0;9;0;0;0;0;2;0;0;0;0;0;0;0;0;0
999-14-4352;ssn;0;0;0;0;0;0;11;7;2;0;9;0;0;0;0;2;0;0;0;0;0;0;0;0;0
999-46-4264;ssn;0;0;0;0;0;0;11;5;2;0;9;0;0;0;0;2;0;0;0;0;0;0;0;0;0
999-64-7897;ssn;0;0;0;0;0;0;11;6;2;0;9;0;0;0;0;2;0;0;0;0;0;0;0;0;0
999-96-7656;ssn;0;0;0;0;0;0;11;5;2;0;9;0;0;0;0;2;0;0;0;0;0;0;0;0;0
999-11-8458;ssn;0;0;0;0;0;0;11;6;2;0;9;0;0;0;0;2;0;0;0;0;0;0;0;0;0
999-24-1038;ssn;0;0;0;0;0;0;11;8;2;0;9;0;0;0;0;2;0;0;0;0;0;0;0;0;0
999-57-1370;ssn;0;0;0;0;0;0;11;7;2;0;9;0;0;0;0;2;0;0;0;0;0;0;0;0;0
999-36-6706;ssn;0;0;0;0;0;0;11;6;2;0;9;0;0;0;0;2;0;0;0;0;0;0;0;0;0
999-54-8746;ssn;0;0;0;0;0;0;11;7;2;0;9;0;0;0;0;2;0;0;0;0;0;0;0;0;0
999-91-2554;ssn;0;0;0;0;0;0;11;6;2;0;9;0;0;0;0;2;0;0;0;0;0;0;0;0;0
999-71-2865;ssn;0;0;0;0;0;0;11;8;2;0;9;0;0;0;0;2;0;0;0;0;0;0;0;0;0
999-19-1501;ssn;0;0;0;0;0;0;11;5;2;0;9;0;0;0;0;2;0;0;0;0;0;0;0;0;0
999-54-8631;ssn;0;0;0;0;0;0;11;8;2;0;9;0;0;0;0;2;0;0;0;0;0;0;0;0;0
999-11-3501;ssn;0;0;0;0;0;0;11;6;2;0;9;0;0;0;0;2;0;0;0;0;0;0;0;0;0
999-92-9031;ssn;0;0;0;0;0;0;11;6;2;0;9;0;0;0;0;2;0;0;0;0;0;0;0;0;0
999-70-4970;ssn;0;0;0;0;0;0;11;5;2;0;9;0;0;0;0;2;0;0;0;0;0;0;0;0;0
999-73-8215;ssn;0;0;0;0;0;0;11;8;2;0;9;0;0;0;0;2;0;0;0;0;0;0;0;0;0
999-69-5041;ssn;0;0;0;0;0;0;11;7;2;0;9;0;0;0;0;2;0;0;0;0;0;0;0;0;0
999-85-3056;ssn;0;0;0;0;0;0;11;7;2;0;9;0;0;0;0;2;0;0;0;0;0;0;0;0;0
999-86-2249;ssn;0;0;0;0;0;0;11;6;2;0;9;0;0;0;0;2;0;0;0;0;0;0;0;0;0
999-51-4598;ssn;0;0;0;0;0;0;11;6;2;0;9;0;0;0;0;2;0;0;0;0;0;0;0;0;0
999-92-4206;ssn;0;0;0;0;0;0;11;6;2;0;9;0;0;0;0;2;0;0;0;0;0;0;0;0;0
999-54-9478;ssn;0;0;0;0;0;0;11;6;2;0;9;0;0;0;0;2;0;0;0;0;0;0;0;0;0
999-41-5345;ssn;0;0;0;0;0;0;11;6;2;0;9;0;0;0;0;2;0;0;0;0;0;0;0;0;0
999-61-2147;ssn;0;0;0;0;0;0;11;7;2;0;9;0;0;0;0;2;0;0;0;0;0;0;0;0;0
999-18-5489;ssn;0;0;0;0;0;0;11;6;2;0;9;0;0;0;0;2;0;0;0;0;0;0;0;0;0
999-55-1857;ssn;0;0;0;0;0;0;11;6;2;0;9;0;0;0;0;2;0;0;0;0;0;0;0;0;0
999-95-3232;ssn;0;0;0;0;0;0;11;5;2;0;9;0;0;0;0;2;0;0;0;0;0;0;0;0;0
999-95-8134;ssn;0;0;0;0;0;0;11;7;2;0;9;0;0;0;0;2;0;0;0;0;0;0;0;0;0
999-50-8644;ssn;0;0;0;0;0;0;11;7;2;0;9;0;0;0;0;2;0;0;0;0;0;0;0;0;0
999-25-7393;ssn;0;0;0;0;0;0;11;6;2;0;9;0;0;0;0;2;0;0;0;0;0;0;0;0;0
999-86-4916;ssn;0;0;0;0;0;0;11;6;2;0;9;0;0;0;0;2;0;0;0;0;0;0;0;0;0
999-43-4030;ssn;0;0;0;0;0;0;11;5;2;0;9;0;0;0;0;2;0;0;0;0;0;0;0;0;0
999-52-4199;ssn;0;0;0;0;0;0;11;6;2;0;9;0;0;0;0;2;0;0;0;0;0;0;0;0;0
999-93-8691;ssn;0;0;0;0;0;0;11;6;2;0;9;0;0;0;0;2;0;0;0;0;0;0;0;0;0
999-97-9315;ssn;0;0;0;0;0;0;11;6;2;0;9;0;0;0;0;2;0;0;0;0;0;0;0;0;0
999-51-9092;ssn;0;0;0;0;0;0;11;6;2;0;9;0;0;0;0;2;0;0;0;0;0;0;0;0;0
999-16-8583;ssn;0;0;0;0;0;0;11;7;2;0;9;0;0;0;0;2;0;0;0;0;0;0;0;0;0
999-96-2869;ssn;0;0;0;0;0;0;11;5;2;0;9;0;0;0;0;2;0;0;0;0;0;0;0;0;0
999-72-6369;ssn;0;0;0;0;0;0;11;6;2;0;9;0;0;0;0;2;0;0;0;0;0;0;0;0;0
999-15-3279;ssn;0;0;0;0;0;0;11;7;2;0;9;0;0;0;0;2;0;0;0;0;0;0;0;0;0
999-86-9281;ssn;0;0;0;0;0;0;11;6;2;0;9;0;0;0;0;2;0;0;0;0;0;0;0;0;0
999-63-7038;ssn;0;0;0;0;0;0;11;7;2;0;9;0;0;0;0;2;0;0;0;0;0;0;0;0;0
999-64-8129;ssn;0;0;0;0;0;0;11;7;2;0;9;0;0;0;0;2;0;0;0;0;0;0;0;0;0
999-59-9257;ssn;0;0;0;0;0;0;11;5;2;0;9;0;0;0;0;2;0;0;0;0;0;0;0;0;0
999-66-2298;ssn;0;0;0;0;0;0;11;5;2;0;9;0;0;0;0;2;0;0;0;0;0;0;0;0;0
999-50-5917;ssn;0;0;0;0;0;0;11;6;2;0;9;0;0;0;0;2;0;0;0;0;0;0;0;0;0
999-72-8662;ssn;0;0;0;0;0;0;11;6;2;0;9;0;0;0;0;2;0;0;0;0;0;0;0;0;0
999-51-1777;ssn;0;0;0;0;0;0;11;5;2;0;9;0;0;0;0;2;0;0;0;0;0;0;0;0;0
999-29-4630;ssn;0;0;0;0;0;0;11;7;2;0;9;0;0;0;0;2;0;0;0;0;0;0;0;0;0
999-26-7854;ssn;0;0;0;0;0;0;11;8;2;0;9;0;0;0;0;2;0;0;0;0;0;0;0;0;0
999-39-7549;ssn;0;0;0;0;0;0;11;6;2;0;9;0;0;0;0;2;0;0;0;0;0;0;0;0;0
999-21-3806;ssn;0;0;0;0;0;0;11;8;2;0;9;0;0;0;0;2;0;0;0;0;0;0;0;0;0
999-91-3354;ssn;0;0;0;0;0;0;11;6;2;0;9;0;0;0;0;2;0;0;0;0;0;0;0;0;0
999-66-7725;ssn;0;0;0;0;0;0;11;6;2;0;9;0;0;0;0;2;0;0;0;0;0;0;0;0;0
999-15-6823;ssn;0;0;0;0;0;0;11;8;2;0;9;0;0;0;0;2;0;0;0;0;0;0;0;0;0
999-68-9765;ssn;0;0;0;0;0;0;11;6;2;0;9;0;0;0;0;2;0;0;0;0;0;0;0;0;0
999-63-4281;ssn;0;0;0;0;0;0;11;8;2;0;9;0;0;0;0;2;0;0;0;0;0;0;0;0;0
999-94-4771;ssn;0;0;0;0;0;0;11;5;2;0;9;0;0;0;0;2;0;0;0;0;0;0;0;0;0
999-39-1490;ssn;0;0;0;0;0;0;11;6;2;0;9;0;0;0;0;2;0;0;0;0;0;0;0;0;0
999-50-6807;ssn;0;0;0;0;0;0;11;7;2;0;9;0;0;0;0;2;0;0;0;0;0;0;0;0;0
999-85-5257;ssn;0;0;0;0;0;0;11;6;2;0;9;0;0;0;0;2;0;0;0;0;0;0;0;0;0
999-36-2599;ssn;0;0;0;0;0;0;11;6;2;0;9;0;0;0;0;2;0;0;0;0;0;0;0;0;0
999-11-3133;ssn;0;0;0;0;0;0;11;4;2;0;9;0;0;0;0;2;0;0;0;0;0;0;0;0;0
999-53-5107;ssn;0;0;0;0;0;0;11;7;2;0;9;0;0;0;0;2;0;0;0;0;0;0;0;0;0
999-49-1154;ssn;0;0;0;0;0;0;11;5;2;0;9;0;0;0;0;2;0;0;0;0;0;0;0;0;0
999-86-5765;ssn;0;0;0;0;0;0;11;6;2;0;9;0;0;0;0;2;0;0;0;0;0;0;0;0;0
999-34-7128;ssn;0;0;0;0;0;0;11;8;2;0;9;0;0;0;0;2;0;0;0;0;0;0;0;0;0
999-58-1529;ssn;0;0;0;0;0;0;11;6;2;0;9;0;0;0;0;2;0;0;0;0;0;0;0;0;0
999-46-8408;ssn;0;0;0;0;0;0;11;6;2;0;9;0;0;0;0;2;0;0;0;0;0;0;0;0;0
999-67-2848;ssn;0;0;0;0;0;0;11;7;2;0;9;0;0;0;0;2;0;0;0;0;0;0;0;0;0
999-14-2408;ssn;0;0;0;0;0;0;11;7;2;0;9;0;0;0;0;2;0;0;0;0;0;0;0;0;0
999-44-3887;ssn;0;0;0;0;0;0;11;6;2;0;9;0;0;0;0;2;0;0;0;0;0;0;0;0;0
999-42-9553;ssn;0;0;0;0;0;0;11;6;2;0;9;0;0;0;0;2;0;0;0;0;0;0;0;0;0
999-75-2724;ssn;0;0;0;0;0;0;11;6;2;0;9;0;0;0;0;2;0;0;0;0;0;0;0;0;0
999-87-4830;ssn;0;0;0;0;0;0;11;7;2;0;9;0;0;0;0;2;0;0;0;0;0;0;0;0;0
999-74-3769;ssn;0;0;0;0;0;0;11;6;2;0;9;0;0;0;0;2;0;0;0;0;0;0;0;0;0
999-73-1927;ssn;0;0;0;0;0;0;11;6;2;0;9;0;0;0;0;2;0;0;0;0;0;0;0;0;0
999-71-3801;ssn;0;0;0;0;0;0;11;7;2;0;9;0;0;0;0;2;0;0;0;0;0;0;0;0;0
999-63-2946;ssn;0;0;0;0;0;0;11;6;2;0;9;0;0;0;0;2;0;0;0;0;0;0;0;0;0
999-13-5711;ssn;0;0;0;0;0;0;11;6;2;0;9;0;0;0;0;2;0;0;0;0;0;0;0;0;0
999-71-5832;ssn;0;0;0;0;0;0;11;8;2;0;9;0;0;0;0;2;0;0;0;0;0;0;0;0;0
999-91-3591;ssn;0;0;0;0;0;0;11;5;2;0;9;0;0;0;0;2;0;0;0;0;0;0;0;0;0
999-33-4473;ssn;0;0;0;0;0;0;11;5;2;0;9;0;0;0;0;2;0;0;0;0;0;0;0;0;0
999-86-1398;ssn;0;0;0;0;0;0;11;6;2;0;9;0;0;0;0;2;0;0;0;0;0;0;0;0;0
999-62-5092;ssn;0;0;0;0;0;0;11;6;2;0;9;0;0;0;0;2;0;0;0;0;0;0;0;0;0
999-59-8466;ssn;0;0;0;0;0;0;11;6;2;0;9;0;0;0;0;2;0;0;0;0;0;0;0;0;0
999-39-1963;ssn;0;0;0;0;0;0;11;5;2;0;9;0;0;0;0;2;0;0;0;0;0;0;0;0;0
999-73-2731;ssn;0;0;0;0;0;0;11;6;2;0;9;0;0;0;0;2;0;0;0;0;0;0;0;0;0
999-89-8740;ssn;0;0;0;0;0;0;11;6;2;0;9;0;0;0;0;2;0;0;0;0;0;0;0;0;0
999-25-2211;ssn;0;0;0;0;0;0;11;5;2;0;9;0;0;0;0;2;0;0;0;0;0;0;0;0;0
999-54-4443;ssn;0;0;0;0;0;0;11;5;2;0;9;0;0;0;0;2;0;0;0;0;0;0;0;0;0
999-83-9133;ssn;0;0;0;0;0;0;11;5;2;0;9;0;0;0;0;2;0;0;0;0;0;0;0;0;0
999-11-7331;ssn;0;0;0;0;0;0;11;5;2;0;9;0;0;0;0;2;0;0;0;0;0;0;0;0;0
999-37-4127;ssn;0;0;0;0;0;0;11;7;2;0;9;0;0;0;0;2;0;0;0;0;0;0;0;0;0
999-55-1649;ssn;0;0;0;0;0;0;11;6;2;0;9;0;0;0;0;2;0;0;0;0;0;0;0;0;0
999-70-4419;ssn;0;0;0;0;0;0;11;6;2;0;9;0;0;0;0;2;0;0;0;0;0;0;0;0;0
999-25-7531;ssn;0;0;0;0;0;0;11;7;2;0;9;0;0;0;0;2;0;0;0;0;0;0;0;0;0
999-67-2035;ssn;0;0;0;0;0;0;11;8;2;0;9;0;0;0;0;2;0;0;0;0;0;0;0;0;0
999-48-9981;ssn;0;0;0;0;0;0;11;5;2;0;9;0;0;0;0;2;0;0;0;0;0;0;0;0;0
999-99-9565;ssn;0;0;0;0;0;0;11;4;2;0;9;0;0;0;0;2;0;0;0;0;0;0;0;0;0
999-54-7970;ssn;0;0;0;0;0;0;11;6;2;0;9;0;0;0;0;2;0;0;0;0;0;0;0;0;0
999-49-1974;ssn;0;0;0;0;0;0;11;5;2;0;9;0;0;0;0;2;0;0;0;0;0;0;0;0;0
999-14-1594;ssn;0;0;0;0;0;0;11;5;2;0;9;0;0;0;0;2;0;0;0;0;0;0;0;0;0
999-38-7871;ssn;0;0;0;0;0;0;11;6;2;0;9;0;0;0;0;2;0;0;0;0;0;0;0;0;0
999-57-4480;ssn;0;0;0;0;0;0;11;7;2;0;9;0;0;0;0;2;0;0;0;0;0;0;0;0;0
999-50-4452;ssn;0;0;0;0;0;0;11;6;2;0;9;0;0;0;0;2;0;0;0;0;0;0;0;0;0
999-47-1228;ssn;0;0;0;0;0;0;11;7;2;0;9;0;0;0;0;2;0;0;0;0;0;0;0;0;0
999-69-2606;ssn;0;0;0;0;0;0;11;5;2;0;9;0;0;0;0;2;0;0;0;0;0;0;0;0;0
999-33-5375;ssn;0;0;0;0;0;0;11;5;2;0;9;0;0;0;0;2;0;0;0;0;0;0;0;0;0
999-32-6878;ssn;0;0;0;0;0;0;11;7;2;0;9;0;0;0;0;2;0;0;0;0;0;0;0;0;0
999-38-1926;ssn;0;0;0;0;0;0;11;7;2;0;9;0;0;0;0;2;0;0;0;0;0;0;0;0;0
999-32-4147;ssn;0;0;0;0;0;0;11;7;2;0;9;0;0;0;0;2;0;0;0;0;0;0;0;0;0
999-64-3631;ssn;0;0;0;0;0;0;11;6;2;0;9;0;0;0;0;2;0;0;0;0;0;0;0;0;0
999-49-2595;ssn;0;0;0;0;0;0;11;5;2;0;9;0;0;0;0;2;0;0;0;0;0;0;0;0;0
999-60-9039;ssn;0;0;0;0;0;0;11;5;2;0;9;0;0;0;0;2;0;0;0;0;0;0;0;0;0
999-54-8298;ssn;0;0;0;0;0;0;11;6;2;0;9;0;0;0;0;2;0;0;0;0;0;0;0;0;0
999-49-7599;ssn;0;0;0;0;0;0;11;5;2;0;9;0;0;0;0;2;0;0;0;0;0;0;0;0;0
999-46-8488;ssn;0;0;0;0;0;0;11;5;2;0;9;0;0;0;0;2;0;0;0;0;0;0;0;0;0
999-26-3905;ssn;0;0;0;0;0;0;11;7;2;0;9;0;0;0;0;2;0;0;0;0;0;0;0;0;0
999-64-2270;ssn;0;0;0;0;0;0;11;7;2;0;9;0;0;0;0;2;0;0;0;0;0;0;0;0;0
999-87-1689;ssn;0;0;0;0;0;0;11;6;2;0;9;0;0;0;0;2;0;0;0;0;0;0;0;0;0
999-88-7676;ssn;0;0;0;0;0;0;11;5;2;0;9;0;0;0;0;2;0;0;0;0;0;0;0;0;0
999-68-9725;ssn;0;0;0;0;0;0;11;7;2;0;9;0;0;0;0;2;0;0;0;0;0;0;0;0;0
999-54-6135;ssn;0;0;0;0;0;0;11;7;2;0;9;0;0;0;0;2;0;0;0;0;0;0;0;0;0
999-27-8904;ssn;0;0;0;0;0;0;11;7;2;0;9;0;0;0;0;2;0;0;0;0;0;0;0;0;0
999-24-6699;ssn;0;0;0;0;0;0;11;5;2;0;9;0;0;0;0;2;0;0;0;0;0;0;0;0;0
999-52-9518;ssn;0;0;0;0;0;0;11;6;2;0;9;0;0;0;0;2;0;0;0;0;0;0;0;0;0
999-19-2632;ssn;0;0;0;0;0;0;11;6;2;0;9;0;0;0;0;2;0;0;0;0;0;0;0;0;0
999-39-4004;ssn;0;0;0;0;0;0;11;5;2;0;9;0;0;0;0;2;0;0;0;0;0;0;0;0;0
999-71-6192;ssn;0;0;0;0;0;0;11;6;2;0;9;0;0;0;0;2;0;0;0;0;0;0;0;0;0
999-98-8389;ssn;0;0;0;0;0;0;11;4;2;0;9;0;0;0;0;2;0;0;0;0;0;0;0;0;0
999-15-7446;ssn;0;0;0;0;0;0;11;7;2;0;9;0;0;0;0;2;0;0;0;0;0;0;0;0;0
999-30-6272;ssn;0;0;0;0;0;0;11;7;2;0;9;0;0;0;0;2;0;0;0;0;0;0;0;0;0
999-73-7236;ssn;0;0;0;0;0;0;11;6;2;0;9;0;0;0;0;2;0;0;0;0;0;0;0;0;0
999-80-3099;ssn;0;0;0;0;0;0;11;5;2;0;9;0;0;0;0;2;0;0;0;0;0;0;0;0;0
999-24-4816;ssn;0;0;0;0;0;0;11;7;2;0;9;0;0;0;0;2;0;0;0;0;0;0;0;0;0
999-63-6339;ssn;0;0;0;0;0;0;11;4;2;0;9;0;0;0;0;2;0;0;0;0;0;0;0;0;0
999-51-1250;ssn;0;0;0;0;0;0;11;6;2;0;9;0;0;0;0;2;0;0;0;0;0;0;0;0;0
999-35-5587;ssn;0;0;0;0;0;0;11;6;2;0;9;0;0;0;0;2;0;0;0;0;0;0;0;0;0
999-67-5544;ssn;0;0;0;0;0;0;11;6;2;0;9;0;0;0;0;2;0;0;0;0;0;0;0;0;0
999-67-8735;ssn;0;0;0;0;0;0;11;7;2;0;9;0;0;0;0;2;0;0;0;0;0;0;0;0;0
999-74-1116;ssn;0;0;0;0;0;0;11;6;2;0;9;0;0;0;0;2;0;0;0;0;0;0;0;0;0
999-38-4108;ssn;0;0;0;0;0;0;11;7;2;0;9;0;0;0;0;2;0;0;0;0;0;0;0;0;0
999-86-4018;ssn;0;0;0;0;0;0;11;7;2;0;9;0;0;0;0;2;0;0;0;0;0;0;0;0;0
999-86-5672;ssn;0;0;0;0;0;0;11;7;2;0;9;0;0;0;0;2;0;0;0;0;0;0;0;0;0
999-63-8492;ssn;0;0;0;0;0;0;11;7;2;0;9;0;0;0;0;2;0;0;0;0;0;0;0;0;0
999-58-6034;ssn;0;0;0;0;0;0;11;8;2;0;9;0;0;0;0;2;0;0;0;0;0;0;0;0;0
999-58-9912;ssn;0;0;0;0;0;0;11;6;2;0;9;0;0;0;0;2;0;0;0;0;0;0;0;0;0
999-23-4233;ssn;0;0;0;0;0;0;11;5;2;0;9;0;0;0;0;2;0;0;0;0;0;0;0;0;0
999-14-9696;ssn;0;0;0;0;0;0;11;5;2;0;9;0;0;0;0;2;0;0;0;0;0;0;0;0;0
999-22-2248;ssn;0;0;0;0;0;0;11;5;2;0;9;0;0;0;0;2;0;0;0;0;0;0;0;0;0
999-36-2600;ssn;0;0;0;0;0;0;11;6;2;0;9;0;0;0;0;2;0;0;0;0;0;0;0;0;0
999-51-8522;ssn;0;0;0;0;0;0;11;6;2;0;9;0;0;0;0;2;0;0;0;0;0;0;0;0;0
999-81-8060;ssn;0;0;0;0;0;0;11;6;2;0;9;0;0;0;0;2;0;0;0;0;0;0;0;0;0
999-36-8277;ssn;0;0;0;0;0;0;11;7;2;0;9;0;0;0;0;2;0;0;0;0;0;0;0;0;0
999-59-4156;ssn;0;0;0;0;0;0;11;6;2;0;9;0;0;0;0;2;0;0;0;0;0;0;0;0;0
999-26-9063;ssn;0;0;0;0;0;0;11;6;2;0;9;0;0;0;0;2;0;0;0;0;0;0;0;0;0
999-11-3109;ssn;0;0;0;0;0;0;11;5;2;0;9;0;0;0;0;2;0;0;0;0;0;0;0;0;0
999-32-4685;ssn;0;0;0;0;0;0;11;8;2;0;9;0;0;0;0;2;0;0;0;0;0;0;0;0;0
999-54-2445;ssn;0;0;0;0;0;0;11;5;2;0;9;0;0;0;0;2;0;0;0;0;0;0;0;0;0
999-36-5927;ssn;0;0;0;0;0;0;11;7;2;0;9;0;0;0;0;2;0;0;0;0;0;0;0;0;0
999-76-5339;ssn;0;0;0;0;0;0;11;6;2;0;9;0;0;0;0;2;0;0;0;0;0;0;0;0;0
999-37-5015;ssn;0;0;0;0;0;0;11;7;2;0;9;0;0;0;0;2;0;0;0;0;0;0;0;0;0
999-36-4804;ssn;0;0;0;0;0;0;11;7;2;0;9;0;0;0;0;2;0;0;0;0;0;0;0;0;0
999-46-9592;ssn;0;0;0;0;0;0;11;6;2;0;9;0;0;0;0;2;0;0;0;0;0;0;0;0;0
999-61-6922;ssn;0;0;0;0;0;0;11;5;2;0;9;0;0;0;0;2;0;0;0;0;0;0;0;0;0
999-61-4056;ssn;0;0;0;0;0;0;11;7;2;0;9;0;0;0;0;2;0;0;0;0;0;0;0;0;0
999-78-6015;ssn;0;0;0;0;0;0;11;8;2;0;9;0;0;0;0;2;0;0;0;0;0;0;0;0;0
999-38-4838;ssn;0;0;0;0;0;0;11;5;2;0;9;0;0;0;0;2;0;0;0;0;0;0;0;0;0
999-95-8946;ssn;0;0;0;0;0;0;11;6;2;0;9;0;0;0;0;2;0;0;0;0;0;0;0;0;0
999-90-8961;ssn;0;0;0;0;0;0;11;6;2;0;9;0;0;0;0;2;0;0;0;0;0;0;0;0;0
999-15-3722;ssn;0;0;0;0;0;0;11;7;2;0;9;0;0;0;0;2;0;0;0;0;0;0;0;0;0
999-41-6088;ssn;0;0;0;0;0;0;11;7;2;0;9;0;0;0;0;2;0;0;0;0;0;0;0;0;0
999-91-4425;ssn;0;0;0;0;0;0;11;6;2;0;9;0;0;0;0;2;0;0;0;0;0;0;0;0;0
999-57-3720;ssn;0;0;0;0;0;0;11;7;2;0;9;0;0;0;0;2;0;0;0;0;0;0;0;0;0
999-46-4199;ssn;0;0;0;0;0;0;11;5;2;0;9;0;0;0;0;2;0;0;0;0;0;0;0;0;0
999-29-9629;ssn;0;0;0;0;0;0;11;4;2;0;9;0;0;0;0;2;0;0;0;0;0;0;0;0;0
999-10-6463;ssn;0;0;0;0;0;0;11;7;2;0;9;0;0;0;0;2;0;0;0;0;0;0;0;0;0
999-55-1509;ssn;0;0;0;0;0;0;11;5;2;0;9;0;0;0;0;2;0;0;0;0;0;0;0;0;0
999-19-7113;ssn;0;0;0;0;0;0;11;5;2;0;9;0;0;0;0;2;0;0;0;0;0;0;0;0;0
999-13-3746;ssn;0;0;0;0;0;0;11;7;2;0;9;0;0;0;0;2;0;0;0;0;0;0;0;0;0
999-36-5440;ssn;0;0;0;0;0;0;11;7;2;0;9;0;0;0;0;2;0;0;0;0;0;0;0;0;0
999-70-2143;ssn;0;0;0;0;0;0;11;8;2;0;9;0;0;0;0;2;0;0;0;0;0;0;0;0;0
999-72-6396;ssn;0;0;0;0;0;0;11;6;2;0;9;0;0;0;0;2;0;0;0;0;0;0;0;0;0
999-50-6194;ssn;0;0;0;0;0;0;11;7;2;0;9;0;0;0;0;2;0;0;0;0;0;0;0;0;0
999-90-7439;ssn;0;0;0;0;0;0;11;6;2;0;9;0;0;0;0;2;0;0;0;0;0;0;0;0;0
999-93-3110;ssn;0;0;0;0;0;0;11;5;2;0;9;0;0;0;0;2;0;0;0;0;0;0;0;0;0
999-94-9715;ssn;0;0;0;0;0;0;11;6;2;0;9;0;0;0;0;2;0;0;0;0;0;0;0;0;0
999-78-3418;ssn;0;0;0;0;0;0;11;7;2;0;9;0;0;0;0;2;0;0;0;0;0;0;0;0;0
999-76-5547;ssn;0;0;0;0;0;0;11;6;2;0;9;0;0;0;0;2;0;0;0;0;0;0;0;0;0
999-13-3025;ssn;0;0;0;0;0;0;11;7;2;0;9;0;0;0;0;2;0;0;0;0;0;0;0;0;0
999-40-9550;ssn;0;0;0;0;0;0;11;5;2;0;9;0;0;0;0;2;0;0;0;0;0;0;0;0;0
999-15-8273;ssn;0;0;0;0;0;0;11;8;2;0;9;0;0;0;0;2;0;0;0;0;0;0;0;0;0
999-75-2624;ssn;0;0;0;0;0;0;11;7;2;0;9;0;0;0;0;2;0;0;0;0;0;0;0;0;0
999-67-2620;ssn;0;0;0;0;0;0;11;6;2;0;9;0;0;0;0;2;0;0;0;0;0;0;0;0;0
999-58-5839;ssn;0;0;0;0;0;0;11;5;2;0;9;0;0;0;0;2;0;0;0;0;0;0;0;0;0
999-45-4115;ssn;0;0;0;0;0;0;11;5;2;0;9;0;0;0;0;2;0;0;0;0;0;0;0;0;0
999-23-8038;ssn;0;0;0;0;0;0;11;6;2;0;9;0;0;0;0;2;0;0;0;0;0;0;0;0;0
999-43-2295;ssn;0;0;0;0;0;0;11;6;2;0;9;0;0;0;0;2;0;0;0;0;0;0;0;0;0
999-12-7978;ssn;0;0;0;0;0;0;11;6;2;0;9;0;0;0;0;2;0;0;0;0;0;0;0;0;0
999-87-3512;ssn;0;0;0;0;0;0;11;8;2;0;9;0;0;0;0;2;0;0;0;0;0;0;0;0;0
999-86-4365;ssn;0;0;0;0;0;0;11;7;2;0;9;0;0;0;0;2;0;0;0;0;0;0;0;0;0
999-85-2261;ssn;0;0;0;0;0;0;11;7;2;0;9;0;0;0;0;2;0;0;0;0;0;0;0;0;0
999-43-3925;ssn;0;0;0;0;0;0;11;6;2;0;9;0;0;0;0;2;0;0;0;0;0;0;0;0;0
999-13-2696;ssn;0;0;0;0;0;0;11;6;2;0;9;0;0;0;0;2;0;0;0;0;0;0;0;0;0
999-81-1877;ssn;0;0;0;0;0;0;11;5;2;0;9;0;0;0;0;2;0;0;0;0;0;0;0;0;0
999-93-9817;ssn;0;0;0;0;0;0;11;6;2;0;9;0;0;0;0;2;0;0;0;0;0;0;0;0;0
999-62-7699;ssn;0;0;0;0;0;0;11;5;2;0;9;0;0;0;0;2;0;0;0;0;0;0;0;0;0
999-97-9015;ssn;0;0;0;0;0;0;11;6;2;0;9;0;0;0;0;2;0;0;0;0;0;0;0;0;0
999-21-4139;ssn;0;0;0;0;0;0;11;6;2;0;9;0;0;0;0;2;0;0;0;0;0;0;0;0;0
999-61-5907;ssn;0;0;0;0;0;0;11;7;2;0;9;0;0;0;0;2;0;0;0;0;0;0;0;0;0
999-78-8112;ssn;0;0;0;0;0;0;11;6;2;0;9;0;0;0;0;2;0;0;0;0;0;0;0;0;0
999-84-6124;ssn;0;0;0;0;0;0;11;7;2;0;9;0;0;0;0;2;0;0;0;0;0;0;0;0;0
999-52-7724;ssn;0;0;0;0;0;0;11;6;2;0;9;0;0;0;0;2;0;0;0;0;0;0;0;0;0
999-32-2718;ssn;0;0;0;0;0;0;11;7;2;0;9;0;0;0;0;2;0;0;0;0;0;0;0;0;0
999-37-1132;ssn;0;0;0;0;0;0;11;6;2;0;9;0;0;0;0;2;0;0;0;0;0;0;0;0;0
999-57-9876;ssn;0;0;0;0;0;0;11;6;2;0;9;0;0;0;0;2;0;0;0;0;0;0;0;0;0
999-66-2957;ssn;0;0;0;0;0;0;11;6;2;0;9;0;0;0;0;2;0;0;0;0;0;0;0;0;0
999-10-3345;ssn;0;0;0;0;0;0;11;7;2;0;9;0;0;0;0;2;0;0;0;0;0;0;0;0;0
999-31-4542;ssn;0;0;0;0;0;0;11;7;2;0;9;0;0;0;0;2;0;0;0;0;0;0;0;0;0
999-66-3872;ssn;0;0;0;0;0;0;11;7;2;0;9;0;0;0;0;2;0;0;0;0;0;0;0;0;0
999-11-4102;ssn;0;0;0;0;0;0;11;6;2;0;9;0;0;0;0;2;0;0;0;0;0;0;0;0;0
999-87-2860;ssn;0;0;0;0;0;0;11;7;2;0;9;0;0;0;0;2;0;0;0;0;0;0;0;0;0
999-42-1938;ssn;0;0;0;0;0;0;11;7;2;0;9;0;0;0;0;2;0;0;0;0;0;0;0;0;0
999-27-4309;ssn;0;0;0;0;0;0;11;7;2;0;9;0;0;0;0;2;0;0;0;0;0;0;0;0;0
999-30-6207;ssn;0;0;0;0;0;0;11;7;2;0;9;0;0;0;0;2;0;0;0;0;0;0;0;0;0
999-18-4926;ssn;0;0;0;0;0;0;11;7;2;0;9;0;0;0;0;2;0;0;0;0;0;0;0;0;0
999-10-6700;ssn;0;0;0;0;0;0;11;6;2;0;9;0;0;0;0;2;0;0;0;0;0;0;0;0;0
999-75-6955;ssn;0;0;0;0;0;0;11;5;2;0;9;0;0;0;0;2;0;0;0;0;0;0;0;0;0
999-12-9492;ssn;0;0;0;0;0;0;11;5;2;0;9;0;0;0;0;2;0;0;0;0;0;0;0;0;0
999-23-1895;ssn;0;0;0;0;0;0;11;7;2;0;9;0;0;0;0;2;0;0;0;0;0;0;0;0;0
999-17-2039;ssn;0;0;0;0;0;0;11;7;2;0;9;0;0;0;0;2;0;0;0;0;0;0;0;0;0
999-14-9716;ssn;0;0;0;0;0;0;11;6;2;0;9;0;0;0;0;2;0;0;0;0;0;0;0;0;0
999-46-1041;ssn;0;0;0;0;0;0;11;6;2;0;9;0;0;0;0;2;0;0;0;0;0;0;0;0;0
999-74-8076;ssn;0;0;0;0;0;0;11;7;2;0;9;0;0;0;0;2;0;0;0;0;0;0;0;0;0
999-18-6196;ssn;0;0;0;0;0;0;11;5;2;0;9;0;0;0;0;2;0;0;0;0;0;0;0;0;0
999-77-1305;ssn;0;0;0;0;0;0;11;7;2;0;9;0;0;0;0;2;0;0;0;0;0;0;0;0;0
999-36-5769;ssn;0;0;0;0;0;0;11;6;2;0;9;0;0;0;0;2;0;0;0;0;0;0;0;0;0
999-42-7873;ssn;0;0;0;0;0;0;11;7;2;0;9;0;0;0;0;2;0;0;0;0;0;0;0;0;0
999-58-6583;ssn;0;0;0;0;0;0;11;6;2;0;9;0;0;0;0;2;0;0;0;0;0;0;0;0;0
999-75-6749;ssn;0;0;0;0;0;0;11;6;2;0;9;0;0;0;0;2;0;0;0;0;0;0;0;0;0
999-26-4569;ssn;0;0;0;0;0;0;11;6;2;0;9;0;0;0;0;2;0;0;0;0;0;0;0;0;0
999-54-5483;ssn;0;0;0;0;0;0;11;6;2;0;9;0;0;0;0;2;0;0;0;0;0;0;0;0;0
999-47-5722;ssn;0;0;0;0;0;0;11;6;2;0;9;0;0;0;0;2;0;0;0;0;0;0;0;0;0
999-63-8167;ssn;0;0;0;0;0;0;11;7;2;0;9;0;0;0;0;2;0;0;0;0;0;0;0;0;0
999-34-1978;ssn;0;0;0;0;0;0;11;7;2;0;9;0;0;0;0;2;0;0;0;0;0;0;0;0;0
999-23-9624;ssn;0;0;0;0;0;0;11;6;2;0;9;0;0;0;0;2;0;0;0;0;0;0;0;0;0
999-28-8786;ssn;0;0;0;0;0;0;11;6;2;0;9;0;0;0;0;2;0;0;0;0;0;0;0;0;0
999-85-1131;ssn;0;0;0;0;0;0;11;6;2;0;9;0;0;0;0;2;0;0;0;0;0;0;0;0;0
999-94-1488;ssn;0;0;0;0;0;0;11;5;2;0;9;0;0;0;0;2;0;0;0;0;0;0;0;0;0
999-35-9381;ssn;0;0;0;0;0;0;11;6;2;0;9;0;0;0;0;2;0;0;0;0;0;0;0;0;0
999-87-2561;ssn;0;0;0;0;0;0;11;8;2;0;9;0;0;0;0;2;0;0;0;0;0;0;0;0;0
999-32-1609;ssn;0;0;0;0;0;0;11;7;2;0;9;0;0;0;0;2;0;0;0;0;0;0;0;0;0
999-68-2670;ssn;0;0;0;0;0;0;11;7;2;0;9;0;0;0;0;2;0;0;0;0;0;0;0;0;0
999-28-5942;ssn;0;0;0;0;0;0;11;6;2;0;9;0;0;0;0;2;0;0;0;0;0;0;0;0;0
999-68-5005;ssn;0;0;0;0;0;0;11;6;2;0;9;0;0;0;0;2;0;0;0;0;0;0;0;0;0
999-51-9383;ssn;0;0;0;0;0;0;11;6;2;0;9;0;0;0;0;2;0;0;0;0;0;0;0;0;0
999-58-5107;ssn;0;0;0;0;0;0;11;7;2;0;9;0;0;0;0;2;0;0;0;0;0;0;0;0;0
999-39-5150;ssn;0;0;0;0;0;0;11;6;2;0;9;0;0;0;0;2;0;0;0;0;0;0;0;0;0
999-50-8694;ssn;0;0;0;0;0;0;11;7;2;0;9;0;0;0;0;2;0;0;0;0;0;0;0;0;0
999-31-7438;ssn;0;0;0;0;0;0;11;7;2;0;9;0;0;0;0;2;0;0;0;0;0;0;0;0;0
999-43-4373;ssn;0;0;0;0;0;0;11;5;2;0;9;0;0;0;0;2;0;0;0;0;0;0;0;0;0
999-96-3060;ssn;0;0;0;0;0;0;11;5;2;0;9;0;0;0;0;2;0;0;0;0;0;0;0;0;0
999-61-2847;ssn;0;0;0;0;0;0;11;8;2;0;9;0;0;0;0;2;0;0;0;0;0;0;0;0;0
999-35-4284;ssn;0;0;0;0;0;0;11;7;2;0;9;0;0;0;0;2;0;0;0;0;0;0;0;0;0
999-50-5097;ssn;0;0;0;0;0;0;11;5;2;0;9;0;0;0;0;2;0;0;0;0;0;0;0;0;0
999-35-1083;ssn;0;0;0;0;0;0;11;7;2;0;9;0;0;0;0;2;0;0;0;0;0;0;0;0;0
999-32-2222;ssn;0;0;0;0;0;0;11;4;2;0;9;0;0;0;0;2;0;0;0;0;0;0;0;0;0
999-31-4301;ssn;0;0;0;0;0;0;11;6;2;0;9;0;0;0;0;2;0;0;0;0;0;0;0;0;0
999-52-2152;ssn;0;0;0;0;0;0;11;5;2;0;9;0;0;0;0;2;0;0;0;0;0;0;0;0;0
999-79-4440;ssn;0;0;0;0;0;0;11;5;2;0;9;0;0;0;0;2;0;0;0;0;0;0;0;0;0
999-68-7646;ssn;0;0;0;0;0;0;11;6;2;0;9;0;0;0;0;2;0;0;0;0;0;0;0;0;0
999-41-9073;ssn;0;0;0;0;0;0;11;7;2;0;9;0;0;0;0;2;0;0;0;0;0;0;0;0;0
999-88-2289;ssn;0;0;0;0;0;0;11;4;2;0;9;0;0;0;0;2;0;0;0;0;0;0;0;0;0
999-76-1786;ssn;0;0;0;0;0;0;11;6;2;0;9;0;0;0;0;2;0;0;0;0;0;0;0;0;0
999-30-6692;ssn;0;0;0;0;0;0;11;6;2;0;9;0;0;0;0;2;0;0;0;0;0;0;0;0;0
999-24-4003;ssn;0;0;0;0;0;0;11;6;2;0;9;0;0;0;0;2;0;0;0;0;0;0;0;0;0
999-73-2219;ssn;0;0;0;0;0;0;11;6;2;0;9;0;0;0;0;2;0;0;0;0;0;0;0;0;0
999-93-1366;ssn;0;0;0;0;0;0;11;5;2;0;9;0;0;0;0;2;0;0;0;0;0;0;0;0;0
999-73-2691;ssn;0;0;0;0;0;0;11;7;2;0;9;0;0;0;0;2;0;0;0;0;0;0;0;0;0
999-98-4556;ssn;0;0;0;0;0;0;11;6;2;0;9;0;0;0;0;2;0;0;0;0;0;0;0;0;0
999-72-2450;ssn;0;0;0;0;0;0;11;7;2;0;9;0;0;0;0;2;0;0;0;0;0;0;0;0;0
999-77-1253;ssn;0;0;0;0;0;0;11;7;2;0;9;0;0;0;0;2;0;0;0;0;0;0;0;0;0
999-17-6542;ssn;0;0;0;0;0;0;11;8;2;0;9;0;0;0;0;2;0;0;0;0;0;0;0;0;0
999-50-4170;ssn;0;0;0;0;0;0;11;7;2;0;9;0;0;0;0;2;0;0;0;0;0;0;0;0;0
999-87-3405;ssn;0;0;0;0;0;0;11;8;2;0;9;0;0;0;0;2;0;0;0;0;0;0;0;0;0
999-10-1776;ssn;0;0;0;0;0;0;11;6;2;0;9;0;0;0;0;2;0;0;0;0;0;0;0;0;0
999-57-1320;ssn;0;0;0;0;0;0;11;8;2;0;9;0;0;0;0;2;0;0;0;0;0;0;0;0;0
999-92-5235;ssn;0;0;0;0;0;0;11;5;2;0;9;0;0;0;0;2;0;0;0;0;0;0;0;0;0
999-27-6920;ssn;0;0;0;0;0;0;11;6;2;0;9;0;0;0;0;2;0;0;0;0;0;0;0;0;0
999-26-2113;ssn;0;0;0;0;0;0;11;6;2;0;9;0;0;0;0;2;0;0;0;0;0;0;0;0;0
999-14-2089;ssn;0;0;0;0;0;0;11;7;2;0;9;0;0;0;0;2;0;0;0;0;0;0;0;0;0
999-24-2512;ssn;0;0;0;0;0;0;11;6;2;0;9;0;0;0;0;2;0;0;0;0;0;0;0;0;0
999-19-3618;ssn;0;0;0;0;0;0;11;6;2;0;9;0;0;0;0;2;0;0;0;0;0;0;0;0;0
999-23-9123;ssn;0;0;0;0;0;0;11;5;2;0;9;0;0;0;0;2;0;0;0;0;0;0;0;0;0
999-61-2192;ssn;0;0;0;0;0;0;11;5;2;0;9;0;0;0;0;2;0;0;0;0;0;0;0;0;0
999-36-2905;ssn;0;0;0;0;0;0;11;7;2;0;9;0;0;0;0;2;0;0;0;0;0;0;0;0;0
999-17-8236;ssn;0;0;0;0;0;0;11;8;2;0;9;0;0;0;0;2;0;0;0;0;0;0;0;0;0
999-42-7595;ssn;0;0;0;0;0;0;11;6;2;0;9;0;0;0;0;2;0;0;0;0;0;0;0;0;0
999-60-9688;ssn;0;0;0;0;0;0;11;5;2;0;9;0;0;0;0;2;0;0;0;0;0;0;0;0;0
999-31-9412;ssn;0;0;0;0;0;0;11;6;2;0;9;0;0;0;0;2;0;0;0;0;0;0;0;0;0
999-61-8061;ssn;0;0;0;0;0;0;11;6;2;0;9;0;0;0;0;2;0;0;0;0;0;0;0;0;0
999-93-5103;ssn;0;0;0;0;0;0;11;6;2;0;9;0;0;0;0;2;0;0;0;0;0;0;0;0;0
999-28-4628;ssn;0;0;0;0;0;0;11;6;2;0;9;0;0;0;0;2;0;0;0;0;0;0;0;0;0
999-67-4980;ssn;0;0;0;0;0;0;11;7;2;0;9;0;0;0;0;2;0;0;0;0;0;0;0;0;0
999-19-6304;ssn;0;0;0;0;0;0;11;7;2;0;9;0;0;0;0;2;0;0;0;0;0;0;0;0;0
999-89-3779;ssn;0;0;0;0;0;0;11;5;2;0;9;0;0;0;0;2;0;0;0;0;0;0;0;0;0
999-76-8531;ssn;0;0;0;0;0;0;11;8;2;0;9;0;0;0;0;2;0;0;0;0;0;0;0;0;0
999-67-2048;ssn;0;0;0;0;0;0;11;8;2;0;9;0;0;0;0;2;0;0;0;0;0;0;0;0;0
999-37-1990;ssn;0;0;0;0;0;0;11;6;2;0;9;0;0;0;0;2;0;0;0;0;0;0;0;0;0
999-44-8675;ssn;0;0;0;0;0;0;11;7;2;0;9;0;0;0;0;2;0;0;0;0;0;0;0;0;0
999-61-2481;ssn;0;0;0;0;0;0;11;7;2;0;9;0;0;0;0;2;0;0;0;0;0;0;0;0;0
999-46-6535;ssn;0;0;0;0;0;0;11;6;2;0;9;0;0;0;0;2;0;0;0;0;0;0;0;0;0
999-96-3614;ssn;0;0;0;0;0;0;11;6;2;0;9;0;0;0;0;2;0;0;0;0;0;0;0;0;0
999-42-8993;ssn;0;0;0;0;0;0;11;6;2;0;9;0;0;0;0;2;0;0;0;0;0;0;0;0;0
999-19-9304;ssn;0;0;0;0;0;0;11;6;2;0;9;0;0;0;0;2;0;0;0;0;0;0;0;0;0
999-67-6436;ssn;0;0;0;0;0;0;11;6;2;0;9;0;0;0;0;2;0;0;0;0;0;0;0;0;0
999-18-6259;ssn;0;0;0;0;0;0;11;7;2;0;9;0;0;0;0;2;0;0;0;0;0;0;0;0;0
999-85-3421;ssn;0;0;0;0;0;0;11;8;2;0;9;0;0;0;0;2;0;0;0;0;0;0;0;0;0
999-90-6322;ssn;0;0;0;0;0;0;11;6;2;0;9;0;0;0;0;2;0;0;0;0;0;0;0;0;0
999-17-1259;ssn;0;0;0;0;0;0;11;6;2;0;9;0;0;0;0;2;0;0;0;0;0;0;0;0;0
999-23-5501;ssn;0;0;0;0;0;0;11;7;2;0;9;0;0;0;0;2;0;0;0;0;0;0;0;0;0
999-55-1676;ssn;0;0;0;0;0;0;11;6;2;0;9;0;0;0;0;2;0;0;0;0;0;0;0;0;0
999-76-2107;ssn;0;0;0;0;0;0;11;7;2;0;9;0;0;0;0;2;0;0;0;0;0;0;0;0;0
999-70-3650;ssn;0;0;0;0;0;0;11;7;2;0;9;0;0;0;0;2;0;0;0;0;0;0;0;0;0
999-13-1580;ssn;0;0;0;0;0;0;11;7;2;0;9;0;0;0;0;2;0;0;0;0;0;0;0;0;0
999-54-9271;ssn;0;0;0;0;0;0;11;7;2;0;9;0;0;0;0;2;0;0;0;0;0;0;0;0;0
999-76-2943;ssn;0;0;0;0;0;0;11;7;2;0;9;0;0;0;0;2;0;0;0;0;0;0;0;0;0
999-71-9942;ssn;0;0;0;0;0;0;11;6;2;0;9;0;0;0;0;2;0;0;0;0;0;0;0;0;0
999-68-3427;ssn;0;0;0;0;0;0;11;8;2;0;9;0;0;0;0;2;0;0;0;0;0;0;0;0;0
999-97-4603;ssn;0;0;0;0;0;0;11;7;2;0;9;0;0;0;0;2;0;0;0;0;0;0;0;0;0
999-14-5258;ssn;0;0;0;0;0;0;11;7;2;0;9;0;0;0;0;2;0;0;0;0;0;0;0;0;0
999-37-4421;ssn;0;0;0;0;0;0;11;7;2;0;9;0;0;0;0;2;0;0;0;0;0;0;0;0;0
999-54-9026;ssn;0;0;0;0;0;0;11;7;2;0;9;0;0;0;0;2;0;0;0;0;0;0;0;0;0
999-66-1161;ssn;0;0;0;0;0;0;11;4;2;0;9;0;0;0;0;2;0;0;0;0;0;0;0;0;0
999-57-5829;ssn;0;0;0;0;0;0;11;6;2;0;9;0;0;0;0;2;0;0;0;0;0;0;0;0;0
999-80-2343;ssn;0;0;0;0;0;0;11;7;2;0;9;0;0;0;0;2;0;0;0;0;0;0;0;0;0
999-49-8510;ssn;0;0;0;0;0;0;11;7;2;0;9;0;0;0;0;2;0;0;0;0;0;0;0;0;0
999-64-5324;ssn;0;0;0;0;0;0;11;7;2;0;9;0;0;0;0;2;0;0;0;0;0;0;0;0;0
999-11-4733;ssn;0;0;0;0;0;0;11;6;2;0;9;0;0;0;0;2;0;0;0;0;0;0;0;0;0
999-30-3637;ssn;0;0;0;0;0;0;11;6;2;0;9;0;0;0;0;2;0;0;0;0;0;0;0;0;0
999-27-8111;ssn;0;0;0;0;0;0;11;6;2;0;9;0;0;0;0;2;0;0;0;0;0;0;0;0;0
999-81-2251;ssn;0;0;0;0;0;0;11;6;2;0;9;0;0;0;0;2;0;0;0;0;0;0;0;0;0
999-35-5916;ssn;0;0;0;0;0;0;11;6;2;0;9;0;0;0;0;2;0;0;0;0;0;0;0;0;0
999-82-8946;ssn;0;0;0;0;0;0;11;6;2;0;9;0;0;0;0;2;0;0;0;0;0;0;0;0;0
999-59-1666;ssn;0;0;0;0;0;0;11;5;2;0;9;0;0;0;0;2;0;0;0;0;0;0;0;0;0
999-16-1056;ssn;0;0;0;0;0;0;11;6;2;0;9;0;0;0;0;2;0;0;0;0;0;0;0;0;0
999-16-7090;ssn;0;0;0;0;0;0;11;6;2;0;9;0;0;0;0;2;0;0;0;0;0;0;0;0;0
999-37-9225;ssn;0;0;0;0;0;0;11;6;2;0;9;0;0;0;0;2;0;0;0;0;0;0;0;0;0
999-50-6822;ssn;0;0;0;0;0;0;11;7;2;0;9;0;0;0;0;2;0;0;0;0;0;0;0;0;0
999-30-5068;ssn;0;0;0;0;0;0;11;7;2;0;9;0;0;0;0;2;0;0;0;0;0;0;0;0;0
999-52-9313;ssn;0;0;0;0;0;0;11;6;2;0;9;0;0;0;0;2;0;0;0;0;0;0;0;0;0
999-50-1415;ssn;0;0;0;0;0;0;11;6;2;0;9;0;0;0;0;2;0;0;0;0;0;0;0;0;0
999-36-4871;ssn;0;0;0;0;0;0;11;8;2;0;9;0;0;0;0;2;0;0;0;0;0;0;0;0;0
999-81-2238;ssn;0;0;0;0;0;0;11;6;2;0;9;0;0;0;0;2;0;0;0;0;0;0;0;0;0
999-27-2153;ssn;0;0;0;0;0;0;11;7;2;0;9;0;0;0;0;2;0;0;0;0;0;0;0;0;0
999-88-4002;ssn;0;0;0;0;0;0;11;6;2;0;9;0;0;0;0;2;0;0;0;0;0;0;0;0;0
999-59-6537;ssn;0;0;0;0;0;0;11;6;2;0;9;0;0;0;0;2;0;0;0;0;0;0;0;0;0
999-27-6253;ssn;0;0;0;0;0;0;11;7;2;0;9;0;0;0;0;2;0;0;0;0;0;0;0;0;0
999-42-7174;ssn;0;0;0;0;0;0;11;6;2;0;9;0;0;0;0;2;0;0;0;0;0;0;0;0;0
999-59-7115;ssn;0;0;0;0;0;0;11;5;2;0;9;0;0;0;0;2;0;0;0;0;0;0;0;0;0
999-98-7362;ssn;0;0;0;0;0;0;11;7;2;0;9;0;0;0;0;2;0;0;0;0;0;0;0;0;0
999-11-6585;ssn;0;0;0;0;0;0;11;6;2;0;9;0;0;0;0;2;0;0;0;0;0;0;0;0;0
999-21-3140;ssn;0;0;0;0;0;0;11;7;2;0;9;0;0;0;0;2;0;0;0;0;0;0;0;0;0
999-53-9924;ssn;0;0;0;0;0;0;11;6;2;0;9;0;0;0;0;2;0;0;0;0;0;0;0;0;0
999-62-2495;ssn;0;0;0;0;0;0;11;6;2;0;9;0;0;0;0;2;0;0;0;0;0;0;0;0;0
999-44-2849;ssn;0;0;0;0;0;0;11;5;2;0;9;0;0;0;0;2;0;0;0;0;0;0;0;0;0
999-34-2392;ssn;0;0;0;0;0;0;11;5;2;0;9;0;0;0;0;2;0;0;0;0;0;0;0;0;0
999-60-9297;ssn;0;0;0;0;0;0;11;6;2;0;9;0;0;0;0;2;0;0;0;0;0;0;0;0;0
999-24-2461;ssn;0;0;0;0;0;0;11;6;2;0;9;0;0;0;0;2;0;0;0;0;0;0;0;0;0
999-44-9188;ssn;0;0;0;0;0;0;11;5;2;0;9;0;0;0;0;2;0;0;0;0;0;0;0;0;0
999-40-6656;ssn;0;0;0;0;0;0;11;6;2;0;9;0;0;0;0;2;0;0;0;0;0;0;0;0;0
999-32-4669;ssn;0;0;0;0;0;0;11;6;2;0;9;0;0;0;0;2;0;0;0;0;0;0;0;0;0
999-34-3648;ssn;0;0;0;0;0;0;11;6;2;0;9;0;0;0;0;2;0;0;0;0;0;0;0;0;0
999-92-7336;ssn;0;0;0;0;0;0;11;6;2;0;9;0;0;0;0;2;0;0;0;0;0;0;0;0;0
999-49-1333;ssn;0;0;0;0;0;0;11;5;2;0;9;0;0;0;0;2;0;0;0;0;0;0;0;0;0
999-17-3288;ssn;0;0;0;0;0;0;11;7;2;0;9;0;0;0;0;2;0;0;0;0;0;0;0;0;0
999-79-5448;ssn;0;0;0;0;0;0;11;6;2;0;9;0;0;0;0;2;0;0;0;0;0;0;0;0;0
999-67-4027;ssn;0;0;0;0;0;0;11;7;2;0;9;0;0;0;0;2;0;0;0;0;0;0;0;0;0
999-72-5692;ssn;0;0;0;0;0;0;11;6;2;0;9;0;0;0;0;2;0;0;0;0;0;0;0;0;0
999-39-2840;ssn;0;0;0;0;0;0;11;7;2;0;9;0;0;0;0;2;0;0;0;0;0;0;0;0;0
999-96-9470;ssn;0;0;0;0;0;0;11;6;2;0;9;0;0;0;0;2;0;0;0;0;0;0;0;0;0
999-85-8374;ssn;0;0;0;0;0;0;11;7;2;0;9;0;0;0;0;2;0;0;0;0;0;0;0;0;0
999-51-1089;ssn;0;0;0;0;0;0;11;6;2;0;9;0;0;0;0;2;0;0;0;0;0;0;0;0;0
999-90-3777;ssn;0;0;0;0;0;0;11;5;2;0;9;0;0;0;0;2;0;0;0;0;0;0;0;0;0
999-23-1326;ssn;0;0;0;0;0;0;11;6;2;0;9;0;0;0;0;2;0;0;0;0;0;0;0;0;0
999-88-1503;ssn;0;0;0;0;0;0;11;7;2;0;9;0;0;0;0;2;0;0;0;0;0;0;0;0;0
999-52-9025;ssn;0;0;0;0;0;0;11;5;2;0;9;0;0;0;0;2;0;0;0;0;0;0;0;0;0
999-94-3751;ssn;0;0;0;0;0;0;11;7;2;0;9;0;0;0;0;2;0;0;0;0;0;0;0;0;0
999-49-5923;ssn;0;0;0;0;0;0;11;6;2;0;9;0;0;0;0;2;0;0;0;0;0;0;0;0;0
999-37-6516;ssn;0;0;0;0;0;0;11;7;2;0;9;0;0;0;0;2;0;0;0;0;0;0;0;0;0
999-91-2846;ssn;0;0;0;0;0;0;11;7;2;0;9;0;0;0;0;2;0;0;0;0;0;0;0;0;0
999-94-5360;ssn;0;0;0;0;0;0;11;7;2;0;9;0;0;0;0;2;0;0;0;0;0;0;0;0;0
999-95-6966;ssn;0;0;0;0;0;0;11;4;2;0;9;0;0;0;0;2;0;0;0;0;0;0;0;0;0
999-19-2148;ssn;0;0;0;0;0;0;11;6;2;0;9;0;0;0;0;2;0;0;0;0;0;0;0;0;0
999-22-1428;ssn;0;0;0;0;0;0;11;6;2;0;9;0;0;0;0;2;0;0;0;0;0;0;0;0;0
999-42-7812;ssn;0;0;0;0;0;0;11;7;2;0;9;0;0;0;0;2;0;0;0;0;0;0;0;0;0
999-30-6399;ssn;0;0;0;0;0;0;11;5;2;0;9;0;0;0;0;2;0;0;0;0;0;0;0;0;0
999-81-5244;ssn;0;0;0;0;0;0;11;7;2;0;9;0;0;0;0;2;0;0;0;0;0;0;0;0;0
999-90-7871;ssn;0;0;0;0;0;0;11;6;2;0;9;0;0;0;0;2;0;0;0;0;0;0;0;0;0
999-32-2674;ssn;0;0;0;0;0;0;11;7;2;0;9;0;0;0;0;2;0;0;0;0;0;0;0;0;0
999-86-5114;ssn;0;0;0;0;0;0;11;7;2;0;9;0;0;0;0;2;0;0;0;0;0;0;0;0;0
999-20-5155;ssn;0;0;0;0;0;0;11;6;2;0;9;0;0;0;0;2;0;0;0;0;0;0;0;0;0
999-70-1833;ssn;0;0;0;0;0;0;11;7;2;0;9;0;0;0;0;2;0;0;0;0;0;0;0;0;0
999-63-2692;ssn;0;0;0;0;0;0;11;5;2;0;9;0;0;0;0;2;0;0;0;0;0;0;0;0;0
999-88-8545;ssn;0;0;0;0;0;0;11;5;2;0;9;0;0;0;0;2;0;0;0;0;0;0;0;0;0
999-49-3355;ssn;0;0;0;0;0;0;11;5;2;0;9;0;0;0;0;2;0;0;0;0;0;0;0;0;0
999-82-5049;ssn;0;0;0;0;0;0;11;7;2;0;9;0;0;0;0;2;0;0;0;0;0;0;0;0;0
999-94-2142;ssn;0;0;0;0;0;0;11;5;2;0;9;0;0;0;0;2;0;0;0;0;0;0;0;0;0
999-12-7046;ssn;0;0;0;0;0;0;11;8;2;0;9;0;0;0;0;2;0;0;0;0;0;0;0;0;0
999-36-1619;ssn;0;0;0;0;0;0;11;5;2;0;9;0;0;0;0;2;0;0;0;0;0;0;0;0;0
999-31-8693;ssn;0;0;0;0;0;0;11;6;2;0;9;0;0;0;0;2;0;0;0;0;0;0;0;0;0
999-45-4531;ssn;0;0;0;0;0;0;11;6;2;0;9;0;0;0;0;2;0;0;0;0;0;0;0;0;0
999-61-8800;ssn;0;0;0;0;0;0;11;6;2;0;9;0;0;0;0;2;0;0;0;0;0;0;0;0;0
999-53-4312;ssn;0;0;0;0;0;0;11;7;2;0;9;0;0;0;0;2;0;0;0;0;0;0;0;0;0
999-58-4589;ssn;0;0;0;0;0;0;11;5;2;0;9;0;0;0;0;2;0;0;0;0;0;0;0;0;0
999-70-3369;ssn;0;0;0;0;0;0;11;6;2;0;9;0;0;0;0;2;0;0;0;0;0;0;0;0;0
999-96-3580;ssn;0;0;0;0;0;0;11;7;2;0;9;0;0;0;0;2;0;0;0;0;0;0;0;0;0
999-65-2282;ssn;0;0;0;0;0;0;11;6;2;0;9;0;0;0;0;2;0;0;0;0;0;0;0;0;0
999-36-9833;ssn;0;0;0;0;0;0;11;5;2;0;9;0;0;0;0;2;0;0;0;0;0;0;0;0;0
999-47-8353;ssn;0;0;0;0;0;0;11;7;2;0;9;0;0;0;0;2;0;0;0;0;0;0;0;0;0
999-98-6689;ssn;0;0;0;0;0;0;11;4;2;0;9;0;0;0;0;2;0;0;0;0;0;0;0;0;0
999-58-5270;ssn;0;0;0;0;0;0;11;7;2;0;9;0;0;0;0;2;0;0;0;0;0;0;0;0;0
999-41-2189;ssn;0;0;0;0;0;0;11;6;2;0;9;0;0;0;0;2;0;0;0;0;0;0;0;0;0
999-98-4284;ssn;0;0;0;0;0;0;11;5;2;0;9;0;0;0;0;2;0;0;0;0;0;0;0;0;0
999-75-3650;ssn;0;0;0;0;0;0;11;7;2;0;9;0;0;0;0;2;0;0;0;0;0;0;0;0;0
999-48-4312;ssn;0;0;0;0;0;0;11;7;2;0;9;0;0;0;0;2;0;0;0;0;0;0;0;0;0
999-28-2963;ssn;0;0;0;0;0;0;11;6;2;0;9;0;0;0;0;2;0;0;0;0;0;0;0;0;0
999-31-8584;ssn;0;0;0;0;0;0;11;7;2;0;9;0;0;0;0;2;0;0;0;0;0;0;0;0;0
999-74-9733;ssn;0;0;0;0;0;0;11;5;2;0;9;0;0;0;0;2;0;0;0;0;0;0;0;0;0
999-18-1781;ssn;0;0;0;0;0;0;11;5;2;0;9;0;0;0;0;2;0;0;0;0;0;0;0;0;0
999-66-4504;ssn;0;0;0;0;0;0;11;6;2;0;9;0;0;0;0;2;0;0;0;0;0;0;0;0;0
999-25-6571;ssn;0;0;0;0;0;0;11;7;2;0;9;0;0;0;0;2;0;0;0;0;0;0;0;0;0
999-76-4194;ssn;0;0;0;0;0;0;11;6;2;0;9;0;0;0;0;2;0;0;0;0;0;0;0;0;0
999-67-8239;ssn;0;0;0;0;0;0;11;7;2;0;9;0;0;0;0;2;0;0;0;0;0;0;0;0;0
999-13-2437;ssn;0;0;0;0;0;0;11;7;2;0;9;0;0;0;0;2;0;0;0;0;0;0;0;0;0
999-92-5961;ssn;0;0;0;0;0;0;11;6;2;0;9;0;0;0;0;2;0;0;0;0;0;0;0;0;0
999-43-1069;ssn;0;0;0;0;0;0;11;7;2;0;9;0;0;0;0;2;0;0;0;0;0;0;0;0;0
999-34-3606;ssn;0;0;0;0;0;0;11;6;2;0;9;0;0;0;0;2;0;0;0;0;0;0;0;0;0
999-16-5580;ssn;0;0;0;0;0;0;11;7;2;0;9;0;0;0;0;2;0;0;0;0;0;0;0;0;0
999-41-1744;ssn;0;0;0;0;0;0;11;5;2;0;9;0;0;0;0;2;0;0;0;0;0;0;0;0;0
999-36-4895;ssn;0;0;0;0;0;0;11;7;2;0;9;0;0;0;0;2;0;0;0;0;0;0;0;0;0
999-19-7287;ssn;0;0;0;0;0;0;11;6;2;0;9;0;0;0;0;2;0;0;0;0;0;0;0;0;0
999-41-3007;ssn;0;0;0;0;0;0;11;7;2;0;9;0;0;0;0;2;0;0;0;0;0;0;0;0;0
999-39-1024;ssn;0;0;0;0;0;0;11;7;2;0;9;0;0;0;0;2;0;0;0;0;0;0;0;0;0
999-76-3193;ssn;0;0;0;0;0;0;11;6;2;0;9;0;0;0;0;2;0;0;0;0;0;0;0;0;0
999-88-3322;ssn;0;0;0;0;0;0;11;5;2;0;9;0;0;0;0;2;0;0;0;0;0;0;0;0;0
999-20-5625;ssn;0;0;0;0;0;0;11;6;2;0;9;0;0;0;0;2;0;0;0;0;0;0;0;0;0
999-32-7294;ssn;0;0;0;0;0;0;11;6;2;0;9;0;0;0;0;2;0;0;0;0;0;0;0;0;0
999-13-4628;ssn;0;0;0;0;0;0;11;8;2;0;9;0;0;0;0;2;0;0;0;0;0;0;0;0;0
999-25-8201;ssn;0;0;0;0;0;0;11;7;2;0;9;0;0;0;0;2;0;0;0;0;0;0;0;0;0
999-74-6902;ssn;0;0;0;0;0;0;11;7;2;0;9;0;0;0;0;2;0;0;0;0;0;0;0;0;0
999-15-1318;ssn;0;0;0;0;0;0;11;6;2;0;9;0;0;0;0;2;0;0;0;0;0;0;0;0;0
999-83-6309;ssn;0;0;0;0;0;0;11;6;2;0;9;0;0;0;0;2;0;0;0;0;0;0;0;0;0
999-26-9534;ssn;0;0;0;0;0;0;11;7;2;0;9;0;0;0;0;2;0;0;0;0;0;0;0;0;0
999-58-4464;ssn;0;0;0;0;0;0;11;6;2;0;9;0;0;0;0;2;0;0;0;0;0;0;0;0;0
999-29-2543;ssn;0;0;0;0;0;0;11;6;2;0;9;0;0;0;0;2;0;0;0;0;0;0;0;0;0
999-14-5521;ssn;0;0;0;0;0;0;11;6;2;0;9;0;0;0;0;2;0;0;0;0;0;0;0;0;0
999-56-2467;ssn;0;0;0;0;0;0;11;7;2;0;9;0;0;0;0;2;0;0;0;0;0;0;0;0;0
999-80-7957;ssn;0;0;0;0;0;0;11;6;2;0;9;0;0;0;0;2;0;0;0;0;0;0;0;0;0
999-85-3803;ssn;0;0;0;0;0;0;11;6;2;0;9;0;0;0;0;2;0;0;0;0;0;0;0;0;0
999-37-5714;ssn;0;0;0;0;0;0;11;7;2;0;9;0;0;0;0;2;0;0;0;0;0;0;0;0;0
999-31-2810;ssn;0;0;0;0;0;0;11;7;2;0;9;0;0;0;0;2;0;0;0;0;0;0;0;0;0
999-16-4816;ssn;0;0;0;0;0;0;11;6;2;0;9;0;0;0;0;2;0;0;0;0;0;0;0;0;0
999-32-9678;ssn;0;0;0;0;0;0;11;7;2;0;9;0;0;0;0;2;0;0;0;0;0;0;0;0;0
999-59-1675;ssn;0;0;0;0;0;0;11;6;2;0;9;0;0;0;0;2;0;0;0;0;0;0;0;0;0
999-37-8152;ssn;0;0;0;0;0;0;11;8;2;0;9;0;0;0;0;2;0;0;0;0;0;0;0;0;0
999-90-6439;ssn;0;0;0;0;0;0;11;6;2;0;9;0;0;0;0;2;0;0;0;0;0;0;0;0;0
999-43-1864;ssn;0;0;0;0;0;0;11;7;2;0;9;0;0;0;0;2;0;0;0;0;0;0;0;0;0
999-72-4116;ssn;0;0;0;0;0;0;11;7;2;0;9;0;0;0;0;2;0;0;0;0;0;0;0;0;0
999-87-3279;ssn;0;0;0;0;0;0;11;6;2;0;9;0;0;0;0;2;0;0;0;0;0;0;0;0;0
999-56-8113;ssn;0;0;0;0;0;0;11;7;2;0;9;0;0;0;0;2;0;0;0;0;0;0;0;0;0
999-72-8252;ssn;0;0;0;0;0;0;11;6;2;0;9;0;0;0;0;2;0;0;0;0;0;0;0;0;0
999-41-1737;ssn;0;0;0;0;0;0;11;6;2;0;9;0;0;0;0;2;0;0;0;0;0;0;0;0;0
999-50-7983;ssn;0;0;0;0;0;0;11;7;2;0;9;0;0;0;0;2;0;0;0;0;0;0;0;0;0
999-18-6640;ssn;0;0;0;0;0;0;11;7;2;0;9;0;0;0;0;2;0;0;0;0;0;0;0;0;0
999-61-3252;ssn;0;0;0;0;0;0;11;7;2;0;9;0;0;0;0;2;0;0;0;0;0;0;0;0;0
999-39-1382;ssn;0;0;0;0;0;0;11;6;2;0;9;0;0;0;0;2;0;0;0;0;0;0;0;0;0
999-65-2952;ssn;0;0;0;0;0;0;11;5;2;0;9;0;0;0;0;2;0;0;0;0;0;0;0;0;0
999-90-9830;ssn;0;0;0;0;0;0;11;5;2;0;9;0;0;0;0;2;0;0;0;0;0;0;0;0;0
999-52-8148;ssn;0;0;0;0;0;0;11;7;2;0;9;0;0;0;0;2;0;0;0;0;0;0;0;0;0
999-69-3396;ssn;0;0;0;0;0;0;11;4;2;0;9;0;0;0;0;2;0;0;0;0;0;0;0;0;0
999-47-9565;ssn;0;0;0;0;0;0;11;6;2;0;9;0;0;0;0;2;0;0;0;0;0;0;0;0;0
999-54-9949;ssn;0;0;0;0;0;0;11;4;2;0;9;0;0;0;0;2;0;0;0;0;0;0;0;0;0
999-10-4039;ssn;0;0;0;0;0;0;11;6;2;0;9;0;0;0;0;2;0;0;0;0;0;0;0;0;0
999-50-8041;ssn;0;0;0;0;0;0;11;7;2;0;9;0;0;0;0;2;0;0;0;0;0;0;0;0;0
999-66-2349;ssn;0;0;0;0;0;0;11;6;2;0;9;0;0;0;0;2;0;0;0;0;0;0;0;0;0
999-64-9807;ssn;0;0;0;0;0;0;11;7;2;0;9;0;0;0;0;2;0;0;0;0;0;0;0;0;0
999-23-5272;ssn;0;0;0;0;0;0;11;6;2;0;9;0;0;0;0;2;0;0;0;0;0;0;0;0;0
999-89-7069;ssn;0;0;0;0;0;0;11;6;2;0;9;0;0;0;0;2;0;0;0;0;0;0;0;0;0
999-56-4883;ssn;0;0;0;0;0;0;11;7;2;0;9;0;0;0;0;2;0;0;0;0;0;0;0;0;0
999-51-8367;ssn;0;0;0;0;0;0;11;8;2;0;9;0;0;0;0;2;0;0;0;0;0;0;0;0;0
999-40-1333;ssn;0;0;0;0;0;0;11;6;2;0;9;0;0;0;0;2;0;0;0;0;0;0;0;0;0
999-13-3978;ssn;0;0;0;0;0;0;11;6;2;0;9;0;0;0;0;2;0;0;0;0;0;0;0;0;0
999-39-1766;ssn;0;0;0;0;0;0;11;6;2;0;9;0;0;0;0;2;0;0;0;0;0;0;0;0;0
999-86-8898;ssn;0;0;0;0;0;0;11;4;2;0;9;0;0;0;0;2;0;0;0;0;0;0;0;0;0
999-80-6480;ssn;0;0;0;0;0;0;11;6;2;0;9;0;0;0;0;2;0;0;0;0;0;0;0;0;0
999-30-1597;ssn;0;0;0;0;0;0;11;7;2;0;9;0;0;0;0;2;0;0;0;0;0;0;0;0;0
999-36-3437;ssn;0;0;0;0;0;0;11;6;2;0;9;0;0;0;0;2;0;0;0;0;0;0;0;0;0
999-56-6941;ssn;0;0;0;0;0;0;11;6;2;0;9;0;0;0;0;2;0;0;0;0;0;0;0;0;0
999-20-4557;ssn;0;0;0;0;0;0;11;7;2;0;9;0;0;0;0;2;0;0;0;0;0;0;0;0;0
999-61-8660;ssn;0;0;0;0;0;0;11;6;2;0;9;0;0;0;0;2;0;0;0;0;0;0;0;0;0
999-11-1580;ssn;0;0;0;0;0;0;11;6;2;0;9;0;0;0;0;2;0;0;0;0;0;0;0;0;0
999-34-6548;ssn;0;0;0;0;0;0;11;7;2;0;9;0;0;0;0;2;0;0;0;0;0;0;0;0;0
999-15-3685;ssn;0;0;0;0;0;0;11;7;2;0;9;0;0;0;0;2;0;0;0;0;0;0;0;0;0
999-12-8074;ssn;0;0;0;0;0;0;11;8;2;0;9;0;0;0;0;2;0;0;0;0;0;0;0;0;0
999-25-4557;ssn;0;0;0;0;0;0;11;6;2;0;9;0;0;0;0;2;0;0;0;0;0;0;0;0;0
999-53-7422;ssn;0;0;0;0;0;0;11;7;2;0;9;0;0;0;0;2;0;0;0;0;0;0;0;0;0
999-81-1517;ssn;0;0;0;0;0;0;11;6;2;0;9;0;0;0;0;2;0;0;0;0;0;0;0;0;0
999-64-1058;ssn;0;0;0;0;0;0;11;8;2;0;9;0;0;0;0;2;0;0;0;0;0;0;0;0;0
999-55-9935;ssn;0;0;0;0;0;0;11;4;2;0;9;0;0;0;0;2;0;0;0;0;0;0;0;0;0
999-65-4595;ssn;0;0;0;0;0;0;11;5;2;0;9;0;0;0;0;2;0;0;0;0;0;0;0;0;0
999-28-9405;ssn;0;0;0;0;0;0;11;7;2;0;9;0;0;0;0;2;0;0;0;0;0;0;0;0;0
999-28-1762;ssn;0;0;0;0;0;0;11;7;2;0;9;0;0;0;0;2;0;0;0;0;0;0;0;0;0
999-75-9683;ssn;0;0;0;0;0;0;11;7;2;0;9;0;0;0;0;2;0;0;0;0;0;0;0;0;0
999-65-2302;ssn;0;0;0;0;0;0;11;7;2;0;9;0;0;0;0;2;0;0;0;0;0;0;0;0;0
999-82-1761;ssn;0;0;0;0;0;0;11;7;2;0;9;0;0;0;0;2;0;0;0;0;0;0;0;0;0
999-92-8705;ssn;0;0;0;0;0;0;11;7;2;0;9;0;0;0;0;2;0;0;0;0;0;0;0;0;0
999-59-9186;ssn;0;0;0;0;0;0;11;6;2;0;9;0;0;0;0;2;0;0;0;0;0;0;0;0;0
999-47-1912;ssn;0;0;0;0;0;0;11;6;2;0;9;0;0;0;0;2;0;0;0;0;0;0;0;0;0
999-64-3534;ssn;0;0;0;0;0;0;11;6;2;0;9;0;0;0;0;2;0;0;0;0;0;0;0;0;0
999-37-3574;ssn;0;0;0;0;0;0;11;6;2;0;9;0;0;0;0;2;0;0;0;0;0;0;0;0;0
999-14-6686;ssn;0;0;0;0;0;0;11;6;2;0;9;0;0;0;0;2;0;0;0;0;0;0;0;0;0
999-33-1815;ssn;0;0;0;0;0;0;11;6;2;0;9;0;0;0;0;2;0;0;0;0;0;0;0;0;0
999-11-9653;ssn;0;0;0;0;0;0;11;6;2;0;9;0;0;0;0;2;0;0;0;0;0;0;0;0;0
999-44-9012;ssn;0;0;0;0;0;0;11;6;2;0;9;0;0;0;0;2;0;0;0;0;0;0;0;0;0
999-73-1789;ssn;0;0;0;0;0;0;11;6;2;0;9;0;0;0;0;2;0;0;0;0;0;0;0;0;0
999-66-7579;ssn;0;0;0;0;0;0;11;5;2;0;9;0;0;0;0;2;0;0;0;0;0;0;0;0;0
999-71-8900;ssn;0;0;0;0;0;0;11;6;2;0;9;0;0;0;0;2;0;0;0;0;0;0;0;0;0
999-36-7021;ssn;0;0;0;0;0;0;11;8;2;0;9;0;0;0;0;2;0;0;0;0;0;0;0;0;0
999-11-6296;ssn;0;0;0;0;0;0;11;5;2;0;9;0;0;0;0;2;0;0;0;0;0;0;0;0;0
999-37-7704;ssn;0;0;0;0;0;0;11;6;2;0;9;0;0;0;0;2;0;0;0;0;0;0;0;0;0
999-15-7681;ssn;0;0;0;0;0;0;11;7;2;0;9;0;0;0;0;2;0;0;0;0;0;0;0;0;0
999-74-9895;ssn;0;0;0;0;0;0;11;6;2;0;9;0;0;0;0;2;0;0;0;0;0;0;0;0;0
999-26-7155;ssn;0;0;0;0;0;0;11;7;2;0;9;0;0;0;0;2;0;0;0;0;0;0;0;0;0
999-85-9962;ssn;0;0;0;0;0;0;11;6;2;0;9;0;0;0;0;2;0;0;0;0;0;0;0;0;0
999-70-8327;ssn;0;0;0;0;0;0;11;7;2;0;9;0;0;0;0;2;0;0;0;0;0;0;0;0;0
999-56-2009;ssn;0;0;0;0;0;0;11;6;2;0;9;0;0;0;0;2;0;0;0;0;0;0;0;0;0
999-50-3691;ssn;0;0;0;0;0;0;11;7;2;0;9;0;0;0;0;2;0;0;0;0;0;0;0;0;0
999-52-8664;ssn;0;0;0;0;0;0;11;7;2;0;9;0;0;0;0;2;0;0;0;0;0;0;0;0;0
999-33-6896;ssn;0;0;0;0;0;0;11;5;2;0;9;0;0;0;0;2;0;0;0;0;0;0;0;0;0
999-73-3288;ssn;0;0;0;0;0;0;11;6;2;0;9;0;0;0;0;2;0;0;0;0;0;0;0;0;0
999-98-1376;ssn;0;0;0;0;0;0;11;7;2;0;9;0;0;0;0;2;0;0;0;0;0;0;0;0;0
999-75-7759;ssn;0;0;0;0;0;0;11;4;2;0;9;0;0;0;0;2;0;0;0;0;0;0;0;0;0
999-54-7990;ssn;0;0;0;0;0;0;11;6;2;0;9;0;0;0;0;2;0;0;0;0;0;0;0;0;0
999-54-6978;ssn;0;0;0;0;0;0;11;7;2;0;9;0;0;0;0;2;0;0;0;0;0;0;0;0;0
999-77-8954;ssn;0;0;0;0;0;0;11;6;2;0;9;0;0;0;0;2;0;0;0;0;0;0;0;0;0
999-35-2772;ssn;0;0;0;0;0;0;11;6;2;0;9;0;0;0;0;2;0;0;0;0;0;0;0;0;0
999-20-1542;ssn;0;0;0;0;0;0;11;7;2;0;9;0;0;0;0;2;0;0;0;0;0;0;0;0;0
999-79-2678;ssn;0;0;0;0;0;0;11;6;2;0;9;0;0;0;0;2;0;0;0;0;0;0;0;0;0
999-30-1306;ssn;0;0;0;0;0;0;11;6;2;0;9;0;0;0;0;2;0;0;0;0;0;0;0;0;0
999-72-7182;ssn;0;0;0;0;0;0;11;6;2;0;9;0;0;0;0;2;0;0;0;0;0;0;0;0;0
999-39-5785;ssn;0;0;0;0;0;0;11;6;2;0;9;0;0;0;0;2;0;0;0;0;0;0;0;0;0
999-72-2934;ssn;0;0;0;0;0;0;11;6;2;0;9;0;0;0;0;2;0;0;0;0;0;0;0;0;0
999-89-5205;ssn;0;0;0;0;0;0;11;6;2;0;9;0;0;0;0;2;0;0;0;0;0;0;0;0;0
999-68-4279;ssn;0;0;0;0;0;0;11;7;2;0;9;0;0;0;0;2;0;0;0;0;0;0;0;0;0
999-46-2087;ssn;0;0;0;0;0;0;11;8;2;0;9;0;0;0;0;2;0;0;0;0;0;0;0;0;0
999-97-3718;ssn;0;0;0;0;0;0;11;6;2;0;9;0;0;0;0;2;0;0;0;0;0;0;0;0;0
999-89-2456;ssn;0;0;0;0;0;0;11;7;2;0;9;0;0;0;0;2;0;0;0;0;0;0;0;0;0
999-27-9363;ssn;0;0;0;0;0;0;11;6;2;0;9;0;0;0;0;2;0;0;0;0;0;0;0;0;0
999-21-3321;ssn;0;0;0;0;0;0;11;5;2;0;9;0;0;0;0;2;0;0;0;0;0;0;0;0;0
999-55-1707;ssn;0;0;0;0;0;0;11;6;2;0;9;0;0;0;0;2;0;0;0;0;0;0;0;0;0
999-82-9745;ssn;0;0;0;0;0;0;11;7;2;0;9;0;0;0;0;2;0;0;0;0;0;0;0;0;0
999-36-8628;ssn;0;0;0;0;0;0;11;6;2;0;9;0;0;0;0;2;0;0;0;0;0;0;0;0;0
999-52-2573;ssn;0;0;0;0;0;0;11;6;2;0;9;0;0;0;0;2;0;0;0;0;0;0;0;0;0
999-10-4143;ssn;0;0;0;0;0;0;11;6;2;0;9;0;0;0;0;2;0;0;0;0;0;0;0;0;0
999-19-7995;ssn;0;0;0;0;0;0;11;5;2;0;9;0;0;0;0;2;0;0;0;0;0;0;0;0;0
999-49-2255;ssn;0;0;0;0;0;0;11;5;2;0;9;0;0;0;0;2;0;0;0;0;0;0;0;0;0
999-23-1777;ssn;0;0;0;0;0;0;11;6;2;0;9;0;0;0;0;2;0;0;0;0;0;0;0;0;0
999-77-3520;ssn;0;0;0;0;0;0;11;7;2;0;9;0;0;0;0;2;0;0;0;0;0;0;0;0;0
999-54-9913;ssn;0;0;0;0;0;0;11;6;2;0;9;0;0;0;0;2;0;0;0;0;0;0;0;0;0
999-64-9921;ssn;0;0;0;0;0;0;11;6;2;0;9;0;0;0;0;2;0;0;0;0;0;0;0;0;0
999-99-2557;ssn;0;0;0;0;0;0;11;5;2;0;9;0;0;0;0;2;0;0;0;0;0;0;0;0;0
999-40-3355;ssn;0;0;0;0;0;0;11;6;2;0;9;0;0;0;0;2;0;0;0;0;0;0;0;0;0
999-86-1549;ssn;0;0;0;0;0;0;11;7;2;0;9;0;0;0;0;2;0;0;0;0;0;0;0;0;0
999-64-7253;ssn;0;0;0;0;0;0;11;8;2;0;9;0;0;0;0;2;0;0;0;0;0;0;0;0;0
999-70-5338;ssn;0;0;0;0;0;0;11;7;2;0;9;0;0;0;0;2;0;0;0;0;0;0;0;0;0
999-52-6009;ssn;0;0;0;0;0;0;11;6;2;0;9;0;0;0;0;2;0;0;0;0;0;0;0;0;0
999-98-8341;ssn;0;0;0;0;0;0;11;6;2;0;9;0;0;0;0;2;0;0;0;0;0;0;0;0;0
999-97-3708;ssn;0;0;0;0;0;0;11;6;2;0;9;0;0;0;0;2;0;0;0;0;0;0;0;0;0
999-17-8211;ssn;0;0;0;0;0;0;11;6;2;0;9;0;0;0;0;2;0;0;0;0;0;0;0;0;0
999-78-5976;ssn;0;0;0;0;0;0;11;6;2;0;9;0;0;0;0;2;0;0;0;0;0;0;0;0;0
999-55-8318;ssn;0;0;0;0;0;0;11;6;2;0;9;0;0;0;0;2;0;0;0;0;0;0;0;0;0
999-76-2428;ssn;0;0;0;0;0;0;11;7;2;0;9;0;0;0;0;2;0;0;0;0;0;0;0;0;0
999-81-7584;ssn;0;0;0;0;0;0;11;7;2;0;9;0;0;0;0;2;0;0;0;0;0;0;0;0;0
999-53-5755;ssn;0;0;0;0;0;0;11;5;2;0;9;0;0;0;0;2;0;0;0;0;0;0;0;0;0
999-14-3301;ssn;0;0;0;0;0;0;11;6;2;0;9;0;0;0;0;2;0;0;0;0;0;0;0;0;0
999-33-6180;ssn;0;0;0;0;0;0;11;7;2;0;9;0;0;0;0;2;0;0;0;0;0;0;0;0;0
999-75-5305;ssn;0;0;0;0;0;0;11;6;2;0;9;0;0;0;0;2;0;0;0;0;0;0;0;0;0
999-15-7659;ssn;0;0;0;0;0;0;11;6;2;0;9;0;0;0;0;2;0;0;0;0;0;0;0;0;0
999-73-8268;ssn;0;0;0;0;0;0;11;7;2;0;9;0;0;0;0;2;0;0;0;0;0;0;0;0;0
999-13-5035;ssn;0;0;0;0;0;0;11;6;2;0;9;0;0;0;0;2;0;0;0;0;0;0;0;0;0
999-80-4185;ssn;0;0;0;0;0;0;11;7;2;0;9;0;0;0;0;2;0;0;0;0;0;0;0;0;0
999-50-6701;ssn;0;0;0;0;0;0;11;7;2;0;9;0;0;0;0;2;0;0;0;0;0;0;0;0;0
999-87-7224;ssn;0;0;0;0;0;0;11;6;2;0;9;0;0;0;0;2;0;0;0;0;0;0;0;0;0
999-74-9265;ssn;0;0;0;0;0;0;11;7;2;0;9;0;0;0;0;2;0;0;0;0;0;0;0;0;0
999-18-5535;ssn;0;0;0;0;0;0;11;6;2;0;9;0;0;0;0;2;0;0;0;0;0;0;0;0;0
999-48-5062;ssn;0;0;0;0;0;0;11;8;2;0;9;0;0;0;0;2;0;0;0;0;0;0;0;0;0
999-80-7992;ssn;0;0;0;0;0;0;11;6;2;0;9;0;0;0;0;2;0;0;0;0;0;0;0;0;0
999-75-5551;ssn;0;0;0;0;0;0;11;5;2;0;9;0;0;0;0;2;0;0;0;0;0;0;0;0;0
999-77-9222;ssn;0;0;0;0;0;0;11;4;2;0;9;0;0;0;0;2;0;0;0;0;0;0;0;0;0
999-71-5665;ssn;0;0;0;0;0;0;11;6;2;0;9;0;0;0;0;2;0;0;0;0;0;0;0;0;0
999-52-9605;ssn;0;0;0;0;0;0;11;6;2;0;9;0;0;0;0;2;0;0;0;0;0;0;0;0;0
999-93-6951;ssn;0;0;0;0;0;0;11;6;2;0;9;0;0;0;0;2;0;0;0;0;0;0;0;0;0
999-12-8340;ssn;0;0;0;0;0;0;11;8;2;0;9;0;0;0;0;2;0;0;0;0;0;0;0;0;0
999-80-7415;ssn;0;0;0;0;0;0;11;8;2;0;9;0;0;0;0;2;0;0;0;0;0;0;0;0;0
999-98-5517;ssn;0;0;0;0;0;0;11;6;2;0;9;0;0;0;0;2;0;0;0;0;0;0;0;0;0
999-25-4666;ssn;0;0;0;0;0;0;11;6;2;0;9;0;0;0;0;2;0;0;0;0;0;0;0;0;0
999-57-2414;ssn;0;0;0;0;0;0;11;7;2;0;9;0;0;0;0;2;0;0;0;0;0;0;0;0;0
999-27-3453;ssn;0;0;0;0;0;0;11;7;2;0;9;0;0;0;0;2;0;0;0;0;0;0;0;0;0
999-16-1276;ssn;0;0;0;0;0;0;11;6;2;0;9;0;0;0;0;2;0;0;0;0;0;0;0;0;0
999-11-4355;ssn;0;0;0;0;0;0;11;6;2;0;9;0;0;0;0;2;0;0;0;0;0;0;0;0;0
999-41-4988;ssn;0;0;0;0;0;0;11;5;2;0;9;0;0;0;0;2;0;0;0;0;0;0;0;0;0
999-49-9681;ssn;0;0;0;0;0;0;11;6;2;0;9;0;0;0;0;2;0;0;0;0;0;0;0;0;0
999-49-2710;ssn;0;0;0;0;0;0;11;7;2;0;9;0;0;0;0;2;0;0;0;0;0;0;0;0;0
999-50-4444;ssn;0;0;0;0;0;0;11;5;2;0;9;0;0;0;0;2;0;0;0;0;0;0;0;0;0
999-39-3363;ssn;0;0;0;0;0;0;11;4;2;0;9;0;0;0;0;2;0;0;0;0;0;0;0;0;0
999-52-2779;ssn;0;0;0;0;0;0;11;5;2;0;9;0;0;0;0;2;0;0;0;0;0;0;0;0;0
999-63-5664;ssn;0;0;0;0;0;0;11;6;2;0;9;0;0;0;0;2;0;0;0;0;0;0;0;0;0
999-81-9176;ssn;0;0;0;0;0;0;11;6;2;0;9;0;0;0;0;2;0;0;0;0;0;0;0;0;0
999-59-7534;ssn;0;0;0;0;0;0;11;6;2;0;9;0;0;0;0;2;0;0;0;0;0;0;0;0;0
999-92-3540;ssn;0;0;0;0;0;0;11;7;2;0;9;0;0;0;0;2;0;0;0;0;0;0;0;0;0
999-15-4705;ssn;0;0;0;0;0;0;11;7;2;0;9;0;0;0;0;2;0;0;0;0;0;0;0;0;0
999-75-1694;ssn;0;0;0;0;0;0;11;7;2;0;9;0;0;0;0;2;0;0;0;0;0;0;0;0;0
999-78-2273;ssn;0;0;0;0;0;0;11;6;2;0;9;0;0;0;0;2;0;0;0;0;0;0;0;0;0
999-41-8581;ssn;0;0;0;0;0;0;11;6;2;0;9;0;0;0;0;2;0;0;0;0;0;0;0;0;0
999-71-1914;ssn;0;0;0;0;0;0;11;5;2;0;9;0;0;0;0;2;0;0;0;0;0;0;0;0;0
999-59-3772;ssn;0;0;0;0;0;0;11;6;2;0;9;0;0;0;0;2;0;0;0;0;0;0;0;0;0
999-65-4076;ssn;0;0;0;0;0;0;11;7;2;0;9;0;0;0;0;2;0;0;0;0;0;0;0;0;0
999-77-2569;ssn;0;0;0;0;0;0;11;6;2;0;9;0;0;0;0;2;0;0;0;0;0;0;0;0;0
999-65-6621;ssn;0;0;0;0;0;0;11;6;2;0;9;0;0;0;0;2;0;0;0;0;0;0;0;0;0
999-58-3701;ssn;0;0;0;0;0;0;11;8;2;0;9;0;0;0;0;2;0;0;0;0;0;0;0;0;0
999-91-4535;ssn;0;0;0;0;0;0;11;6;2;0;9;0;0;0;0;2;0;0;0;0;0;0;0;0;0
999-10-7695;ssn;0;0;0;0;0;0;11;7;2;0;9;0;0;0;0;2;0;0;0;0;0;0;0;0;0
999-77-3194;ssn;0;0;0;0;0;0;11;6;2;0;9;0;0;0;0;2;0;0;0;0;0;0;0;0;0
999-44-6962;ssn;0;0;0;0;0;0;11;5;2;0;9;0;0;0;0;2;0;0;0;0;0;0;0;0;0
999-41-2751;ssn;0;0;0;0;0;0;11;7;2;0;9;0;0;0;0;2;0;0;0;0;0;0;0;0;0
999-93-3362;ssn;0;0;0;0;0;0;11;5;2;0;9;0;0;0;0;2;0;0;0;0;0;0;0;0;0
999-45-9472;ssn;0;0;0;0;0;0;11;6;2;0;9;0;0;0;0;2;0;0;0;0;0;0;0;0;0
999-51-7852;ssn;0;0;0;0;0;0;11;7;2;0;9;0;0;0;0;2;0;0;0;0;0;0;0;0;0
999-66-6234;ssn;0;0;0;0;0;0;11;6;2;0;9;0;0;0;0;2;0;0;0;0;0;0;0;0;0
999-72-4908;ssn;0;0;0;0;0;0;11;7;2;0;9;0;0;0;0;2;0;0;0;0;0;0;0;0;0
999-18-1247;ssn;0;0;0;0;0;0;11;7;2;0;9;0;0;0;0;2;0;0;0;0;0;0;0;0;0
999-78-1655;ssn;0;0;0;0;0;0;11;7;2;0;9;0;0;0;0;2;0;0;0;0;0;0;0;0;0
999-41-2981;ssn;0;0;0;0;0;0;11;6;2;0;9;0;0;0;0;2;0;0;0;0;0;0;0;0;0
999-95-9000;ssn;0;0;0;0;0;0;11;4;2;0;9;0;0;0;0;2;0;0;0;0;0;0;0;0;0
999-20-2859;ssn;0;0;0;0;0;0;11;6;2;0;9;0;0;0;0;2;0;0;0;0;0;0;0;0;0
999-81-9308;ssn;0;0;0;0;0;0;11;6;2;0;9;0;0;0;0;2;0;0;0;0;0;0;0;0;0
999-78-6948;ssn;0;0;0;0;0;0;11;6;2;0;9;0;0;0;0;2;0;0;0;0;0;0;0;0;0
999-41-1710;ssn;0;0;0;0;0;0;11;6;2;0;9;0;0;0;0;2;0;0;0;0;0;0;0;0;0
999-38-8436;ssn;0;0;0;0;0;0;11;6;2;0;9;0;0;0;0;2;0;0;0;0;0;0;0;0;0
999-31-6811;ssn;0;0;0;0;0;0;11;6;2;0;9;0;0;0;0;2;0;0;0;0;0;0;0;0;0
999-96-1533;ssn;0;0;0;0;0;0;11;6;2;0;9;0;0;0;0;2;0;0;0;0;0;0;0;0;0
999-64-5653;ssn;0;0;0;0;0;0;11;6;2;0;9;0;0;0;0;2;0;0;0;0;0;0;0;0;0
999-99-4000;ssn;0;0;0;0;0;0;11;4;2;0;9;0;0;0;0;2;0;0;0;0;0;0;0;0;0
999-42-1440;ssn;0;0;0;0;0;0;11;6;2;0;9;0;0;0;0;2;0;0;0;0;0;0;0;0;0
999-97-6446;ssn;0;0;0;0;0;0;11;5;2;0;9;0;0;0;0;2;0;0;0;0;0;0;0;0;0
999-55-4345;ssn;0;0;0;0;0;0;11;5;2;0;9;0;0;0;0;2;0;0;0;0;0;0;0;0;0
999-25-7677;ssn;0;0;0;0;0;0;11;6;2;0;9;0;0;0;0;2;0;0;0;0;0;0;0;0;0
999-86-7705;ssn;0;0;0;0;0;0;11;7;2;0;9;0;0;0;0;2;0;0;0;0;0;0;0;0;0
999-74-9785;ssn;0;0;0;0;0;0;11;6;2;0;9;0;0;0;0;2;0;0;0;0;0;0;0;0;0
999-79-1128;ssn;0;0;0;0;0;0;11;6;2;0;9;0;0;0;0;2;0;0;0;0;0;0;0;0;0
999-39-3238;ssn;0;0;0;0;0;0;11;5;2;0;9;0;0;0;0;2;0;0;0;0;0;0;0;0;0
999-73-3857;ssn;0;0;0;0;0;0;11;6;2;0;9;0;0;0;0;2;0;0;0;0;0;0;0;0;0
999-46-8420;ssn;0;0;0;0;0;0;11;7;2;0;9;0;0;0;0;2;0;0;0;0;0;0;0;0;0
999-60-4736;ssn;0;0;0;0;0;0;11;7;2;0;9;0;0;0;0;2;0;0;0;0;0;0;0;0;0
999-83-1682;ssn;0;0;0;0;0;0;11;7;2;0;9;0;0;0;0;2;0;0;0;0;0;0;0;0;0
999-75-8977;ssn;0;0;0;0;0;0;11;5;2;0;9;0;0;0;0;2;0;0;0;0;0;0;0;0;0
999-74-2172;ssn;0;0;0;0;0;0;11;6;2;0;9;0;0;0;0;2;0;0;0;0;0;0;0;0;0
999-31-1178;ssn;0;0;0;0;0;0;11;6;2;0;9;0;0;0;0;2;0;0;0;0;0;0;0;0;0
999-44-2908;ssn;0;0;0;0;0;0;11;6;2;0;9;0;0;0;0;2;0;0;0;0;0;0;0;0;0
999-87-3269;ssn;0;0;0;0;0;0;11;7;2;0;9;0;0;0;0;2;0;0;0;0;0;0;0;0;0
999-47-1587;ssn;0;0;0;0;0;0;11;7;2;0;9;0;0;0;0;2;0;0;0;0;0;0;0;0;0
999-57-4738;ssn;0;0;0;0;0;0;11;7;2;0;9;0;0;0;0;2;0;0;0;0;0;0;0;0;0
999-16-5162;ssn;0;0;0;0;0;0;11;6;2;0;9;0;0;0;0;2;0;0;0;0;0;0;0;0;0
999-26-1465;ssn;0;0;0;0;0;0;11;7;2;0;9;0;0;0;0;2;0;0;0;0;0;0;0;0;0
999-16-6467;ssn;0;0;0;0;0;0;11;6;2;0;9;0;0;0;0;2;0;0;0;0;0;0;0;0;0
999-20-8981;ssn;0;0;0;0;0;0;11;6;2;0;9;0;0;0;0;2;0;0;0;0;0;0;0;0;0
999-46-6831;ssn;0;0;0;0;0;0;11;7;2;0;9;0;0;0;0;2;0;0;0;0;0;0;0;0;0
999-37-2519;ssn;0;0;0;0;0;0;11;7;2;0;9;0;0;0;0;2;0;0;0;0;0;0;0;0;0
999-89-6459;ssn;0;0;0;0;0;0;11;6;2;0;9;0;0;0;0;2;0;0;0;0;0;0;0;0;0
999-19-9422;ssn;0;0;0;0;0;0;11;5;2;0;9;0;0;0;0;2;0;0;0;0;0;0;0;0;0
999-26-9372;ssn;0;0;0;0;0;0;11;6;2;0;9;0;0;0;0;2;0;0;0;0;0;0;0;0;0
999-39-2902;ssn;0;0;0;0;0;0;11;5;2;0;9;0;0;0;0;2;0;0;0;0;0;0;0;0;0
999-55-5216;ssn;0;0;0;0;0;0;11;6;2;0;9;0;0;0;0;2;0;0;0;0;0;0;0;0;0
999-89-6455;ssn;0;0;0;0;0;0;11;6;2;0;9;0;0;0;0;2;0;0;0;0;0;0;0;0;0
999-92-7946;ssn;0;0;0;0;0;0;11;6;2;0;9;0;0;0;0;2;0;0;0;0;0;0;0;0;0
999-47-7920;ssn;0;0;0;0;0;0;11;6;2;0;9;0;0;0;0;2;0;0;0;0;0;0;0;0;0
999-63-8389;ssn;0;0;0;0;0;0;11;5;2;0;9;0;0;0;0;2;0;0;0;0;0;0;0;0;0
999-82-3223;ssn;0;0;0;0;0;0;11;5;2;0;9;0;0;0;0;2;0;0;0;0;0;0;0;0;0
999-52-4270;ssn;0;0;0;0;0;0;11;7;2;0;9;0;0;0;0;2;0;0;0;0;0;0;0;0;0
999-51-9204;ssn;0;0;0;0;0;0;11;7;2;0;9;0;0;0;0;2;0;0;0;0;0;0;0;0;0
999-23-3910;ssn;0;0;0;0;0;0;11;6;2;0;9;0;0;0;0;2;0;0;0;0;0;0;0;0;0
999-66-5664;ssn;0;0;0;0;0;0;11;5;2;0;9;0;0;0;0;2;0;0;0;0;0;0;0;0;0
999-12-9410;ssn;0;0;0;0;0;0;11;6;2;0;9;0;0;0;0;2;0;0;0;0;0;0;0;0;0
999-48-9845;ssn;0;0;0;0;0;0;11;5;2;0;9;0;0;0;0;2;0;0;0;0;0;0;0;0;0
999-72-3335;ssn;0;0;0;0;0;0;11;6;2;0;9;0;0;0;0;2;0;0;0;0;0;0;0;0;0
999-51-2999;ssn;0;0;0;0;0;0;11;5;2;0;9;0;0;0;0;2;0;0;0;0;0;0;0;0;0
999-49-1523;ssn;0;0;0;0;0;0;11;7;2;0;9;0;0;0;0;2;0;0;0;0;0;0;0;0;0
999-81-7614;ssn;0;0;0;0;0;0;11;7;2;0;9;0;0;0;0;2;0;0;0;0;0;0;0;0;0
999-32-4835;ssn;0;0;0;0;0;0;11;7;2;0;9;0;0;0;0;2;0;0;0;0;0;0;0;0;0
999-57-3088;ssn;0;0;0;0;0;0;11;7;2;0;9;0;0;0;0;2;0;0;0;0;0;0;0;0;0
999-34-5675;ssn;0;0;0;0;0;0;11;7;2;0;9;0;0;0;0;2;0;0;0;0;0;0;0;0;0
999-38-3117;ssn;0;0;0;0;0;0;11;6;2;0;9;0;0;0;0;2;0;0;0;0;0;0;0;0;0
999-40-5031;ssn;0;0;0;0;0;0;11;7;2;0;9;0;0;0;0;2;0;0;0;0;0;0;0;0;0
999-33-7252;ssn;0;0;0;0;0;0;11;6;2;0;9;0;0;0;0;2;0;0;0;0;0;0;0;0;0
999-91-3481;ssn;0;0;0;0;0;0;11;6;2;0;9;0;0;0;0;2;0;0;0;0;0;0;0;0;0
999-29-5473;ssn;0;0;0;0;0;0;11;7;2;0;9;0;0;0;0;2;0;0;0;0;0;0;0;0;0
999-12-3854;ssn;0;0;0;0;0;0;11;8;2;0;9;0;0;0;0;2;0;0;0;0;0;0;0;0;0
999-86-4625;ssn;0;0;0;0;0;0;11;7;2;0;9;0;0;0;0;2;0;0;0;0;0;0;0;0;0
999-57-1614;ssn;0;0;0;0;0;0;11;7;2;0;9;0;0;0;0;2;0;0;0;0;0;0;0;0;0
999-17-3776;ssn;0;0;0;0;0;0;11;6;2;0;9;0;0;0;0;2;0;0;0;0;0;0;0;0;0
999-34-3743;ssn;0;0;0;0;0;0;11;5;2;0;9;0;0;0;0;2;0;0;0;0;0;0;0;0;0
999-71-7387;ssn;0;0;0;0;0;0;11;6;2;0;9;0;0;0;0;2;0;0;0;0;0;0;0;0;0
999-78-4281;ssn;0;0;0;0;0;0;11;7;2;0;9;0;0;0;0;2;0;0;0;0;0;0;0;0;0
999-19-8364;ssn;0;0;0;0;0;0;11;7;2;0;9;0;0;0;0;2;0;0;0;0;0;0;0;0;0
999-24-4708;ssn;0;0;0;0;0;0;11;7;2;0;9;0;0;0;0;2;0;0;0;0;0;0;0;0;0
999-67-4641;ssn;0;0;0;0;0;0;11;6;2;0;9;0;0;0;0;2;0;0;0;0;0;0;0;0;0
999-67-3023;ssn;0;0;0;0;0;0;11;7;2;0;9;0;0;0;0;2;0;0;0;0;0;0;0;0;0
999-10-2692;ssn;0;0;0;0;0;0;11;6;2;0;9;0;0;0;0;2;0;0;0;0;0;0;0;0;0
999-29-6724;ssn;0;0;0;0;0;0;11;6;2;0;9;0;0;0;0;2;0;0;0;0;0;0;0;0;0
999-17-5686;ssn;0;0;0;0;0;0;11;7;2;0;9;0;0;0;0;2;0;0;0;0;0;0;0;0;0
999-15-3771;ssn;0;0;0;0;0;0;11;6;2;0;9;0;0;0;0;2;0;0;0;0;0;0;0;0;0
999-96-1969;ssn;0;0;0;0;0;0;11;4;2;0;9;0;0;0;0;2;0;0;0;0;0;0;0;0;0
999-74-1348;ssn;0;0;0;0;0;0;11;7;2;0;9;0;0;0;0;2;0;0;0;0;0;0;0;0;0
999-96-4985;ssn;0;0;0;0;0;0;11;6;2;0;9;0;0;0;0;2;0;0;0;0;0;0;0;0;0
999-10-3507;ssn;0;0;0;0;0;0;11;7;2;0;9;0;0;0;0;2;0;0;0;0;0;0;0;0;0
999-49-6535;ssn;0;0;0;0;0;0;11;6;2;0;9;0;0;0;0;2;0;0;0;0;0;0;0;0;0
999-87-1659;ssn;0;0;0;0;0;0;11;7;2;0;9;0;0;0;0;2;0;0;0;0;0;0;0;0;0
999-85-9612;ssn;0;0;0;0;0;0;11;7;2;0;9;0;0;0;0;2;0;0;0;0;0;0;0;0;0
999-59-2362;ssn;0;0;0;0;0;0;11;6;2;0;9;0;0;0;0;2;0;0;0;0;0;0;0;0;0
999-22-5773;ssn;0;0;0;0;0;0;11;6;2;0;9;0;0;0;0;2;0;0;0;0;0;0;0;0;0
999-84-2744;ssn;0;0;0;0;0;0;11;6;2;0;9;0;0;0;0;2;0;0;0;0;0;0;0;0;0
999-49-1404;ssn;0;0;0;0;0;0;11;5;2;0;9;0;0;0;0;2;0;0;0;0;0;0;0;0;0
999-40-9188;ssn;0;0;0;0;0;0;11;6;2;0;9;0;0;0;0;2;0;0;0;0;0;0;0;0;0
999-58-6412;ssn;0;0;0;0;0;0;11;8;2;0;9;0;0;0;0;2;0;0;0;0;0;0;0;0;0
999-49-5917;ssn;0;0;0;0;0;0;11;6;2;0;9;0;0;0;0;2;0;0;0;0;0;0;0;0;0
999-14-8327;ssn;0;0;0;0;0;0;11;8;2;0;9;0;0;0;0;2;0;0;0;0;0;0;0;0;0
999-57-4485;ssn;0;0;0;0;0;0;11;6;2;0;9;0;0;0;0;2;0;0;0;0;0;0;0;0;0
999-61-9781;ssn;0;0;0;0;0;0;11;6;2;0;9;0;0;0;0;2;0;0;0;0;0;0;0;0;0
999-43-3780;ssn;0;0;0;0;0;0;11;7;2;0;9;0;0;0;0;2;0;0;0;0;0;0;0;0;0
999-73-7894;ssn;0;0;0;0;0;0;11;6;2;0;9;0;0;0;0;2;0;0;0;0;0;0;0;0;0
999-44-8354;ssn;0;0;0;0;0;0;11;6;2;0;9;0;0;0;0;2;0;0;0;0;0;0;0;0;0
999-76-3356;ssn;0;0;0;0;0;0;11;6;2;0;9;0;0;0;0;2;0;0;0;0;0;0;0;0;0
999-29-6464;ssn;0;0;0;0;0;0;11;5;2;0;9;0;0;0;0;2;0;0;0;0;0;0;0;0;0
999-18-3145;ssn;0;0;0;0;0;0;11;7;2;0;9;0;0;0;0;2;0;0;0;0;0;0;0;0;0
999-28-6197;ssn;0;0;0;0;0;0;11;7;2;0;9;0;0;0;0;2;0;0;0;0;0;0;0;0;0
999-39-2803;ssn;0;0;0;0;0;0;11;6;2;0;9;0;0;0;0;2;0;0;0;0;0;0;0;0;0
999-63-4552;ssn;0;0;0;0;0;0;11;7;2;0;9;0;0;0;0;2;0;0;0;0;0;0;0;0;0
999-27-9496;ssn;0;0;0;0;0;0;11;6;2;0;9;0;0;0;0;2;0;0;0;0;0;0;0;0;0
999-27-2914;ssn;0;0;0;0;0;0;11;6;2;0;9;0;0;0;0;2;0;0;0;0;0;0;0;0;0
999-36-9989;ssn;0;0;0;0;0;0;11;5;2;0;9;0;0;0;0;2;0;0;0;0;0;0;0;0;0
999-34-4800;ssn;0;0;0;0;0;0;11;6;2;0;9;0;0;0;0;2;0;0;0;0;0;0;0;0;0
999-29-1186;ssn;0;0;0;0;0;0;11;6;2;0;9;0;0;0;0;2;0;0;0;0;0;0;0;0;0
999-88-7733;ssn;0;0;0;0;0;0;11;5;2;0;9;0;0;0;0;2;0;0;0;0;0;0;0;0;0
999-56-2041;ssn;0;0;0;0;0;0;11;8;2;0;9;0;0;0;0;2;0;0;0;0;0;0;0;0;0
999-58-2141;ssn;0;0;0;0;0;0;11;7;2;0;9;0;0;0;0;2;0;0;0;0;0;0;0;0;0
999-13-6593;ssn;0;0;0;0;0;0;11;6;2;0;9;0;0;0;0;2;0;0;0;0;0;0;0;0;0
999-74-5651;ssn;0;0;0;0;0;0;11;7;2;0;9;0;0;0;0;2;0;0;0;0;0;0;0;0;0
999-88-6041;ssn;0;0;0;0;0;0;11;7;2;0;9;0;0;0;0;2;0;0;0;0;0;0;0;0;0
999-46-6655;ssn;0;0;0;0;0;0;11;5;2;0;9;0;0;0;0;2;0;0;0;0;0;0;0;0;0
999-59-2524;ssn;0;0;0;0;0;0;11;5;2;0;9;0;0;0;0;2;0;0;0;0;0;0;0;0;0
999-26-7005;ssn;0;0;0;0;0;0;11;7;2;0;9;0;0;0;0;2;0;0;0;0;0;0;0;0;0
999-71-4465;ssn;0;0;0;0;0;0;11;7;2;0;9;0;0;0;0;2;0;0;0;0;0;0;0;0;0
999-78-9772;ssn;0;0;0;0;0;0;11;5;2;0;9;0;0;0;0;2;0;0;0;0;0;0;0;0;0
999-56-2767;ssn;0;0;0;0;0;0;11;6;2;0;9;0;0;0;0;2;0;0;0;0;0;0;0;0;0
999-22-8919;ssn;0;0;0;0;0;0;11;5;2;0;9;0;0;0;0;2;0;0;0;0;0;0;0;0;0
999-82-7419;ssn;0;0;0;0;0;0;11;7;2;0;9;0;0;0;0;2;0;0;0;0;0;0;0;0;0
999-76-5418;ssn;0;0;0;0;0;0;11;8;2;0;9;0;0;0;0;2;0;0;0;0;0;0;0;0;0
999-50-1813;ssn;0;0;0;0;0;0;11;7;2;0;9;0;0;0;0;2;0;0;0;0;0;0;0;0;0
999-90-3884;ssn;0;0;0;0;0;0;11;6;2;0;9;0;0;0;0;2;0;0;0;0;0;0;0;0;0
999-21-9371;ssn;0;0;0;0;0;0;11;6;2;0;9;0;0;0;0;2;0;0;0;0;0;0;0;0;0
999-20-8413;ssn;0;0;0;0;0;0;11;8;2;0;9;0;0;0;0;2;0;0;0;0;0;0;0;0;0
999-77-3725;ssn;0;0;0;0;0;0;11;6;2;0;9;0;0;0;0;2;0;0;0;0;0;0;0;0;0
999-40-4458;ssn;0;0;0;0;0;0;11;6;2;0;9;0;0;0;0;2;0;0;0;0;0;0;0;0;0
999-56-8241;ssn;0;0;0;0;0;0;11;8;2;0;9;0;0;0;0;2;0;0;0;0;0;0;0;0;0
999-34-1693;ssn;0;0;0;0;0;0;11;6;2;0;9;0;0;0;0;2;0;0;0;0;0;0;0;0;0
999-37-8335;ssn;0;0;0;0;0;0;11;6;2;0;9;0;0;0;0;2;0;0;0;0;0;0;0;0;0
999-26-3139;ssn;0;0;0;0;0;0;11;6;2;0;9;0;0;0;0;2;0;0;0;0;0;0;0;0;0
999-26-9131;ssn;0;0;0;0;0;0;11;6;2;0;9;0;0;0;0;2;0;0;0;0;0;0;0;0;0
999-52-4938;ssn;0;0;0;0;0;0;11;7;2;0;9;0;0;0;0;2;0;0;0;0;0;0;0;0;0
999-93-3637;ssn;0;0;0;0;0;0;11;5;2;0;9;0;0;0;0;2;0;0;0;0;0;0;0;0;0
999-57-9574;ssn;0;0;0;0;0;0;11;5;2;0;9;0;0;0;0;2;0;0;0;0;0;0;0;0;0
999-99-2259;ssn;0;0;0;0;0;0;11;4;2;0;9;0;0;0;0;2;0;0;0;0;0;0;0;0;0
999-51-6073;ssn;0;0;0;0;0;0;11;8;2;0;9;0;0;0;0;2;0;0;0;0;0;0;0;0;0
999-91-2371;ssn;0;0;0;0;0;0;11;6;2;0;9;0;0;0;0;2;0;0;0;0;0;0;0;0;0
999-94-1050;ssn;0;0;0;0;0;0;11;6;2;0;9;0;0;0;0;2;0;0;0;0;0;0;0;0;0
999-14-4309;ssn;0;0;0;0;0;0;11;6;2;0;9;0;0;0;0;2;0;0;0;0;0;0;0;0;0
999-65-3114;ssn;0;0;0;0;0;0;11;7;2;0;9;0;0;0;0;2;0;0;0;0;0;0;0;0;0
999-91-4013;ssn;0;0;0;0;0;0;11;6;2;0;9;0;0;0;0;2;0;0;0;0;0;0;0;0;0
999-63-3923;ssn;0;0;0;0;0;0;11;5;2;0;9;0;0;0;0;2;0;0;0;0;0;0;0;0;0
999-69-3856;ssn;0;0;0;0;0;0;11;6;2;0;9;0;0;0;0;2;0;0;0;0;0;0;0;0;0
999-62-6978;ssn;0;0;0;0;0;0;11;6;2;0;9;0;0;0;0;2;0;0;0;0;0;0;0;0;0
999-29-5683;ssn;0;0;0;0;0;0;11;7;2;0;9;0;0;0;0;2;0;0;0;0;0;0;0;0;0
999-82-1104;ssn;0;0;0;0;0;0;11;7;2;0;9;0;0;0;0;2;0;0;0;0;0;0;0;0;0
999-63-3348;ssn;0;0;0;0;0;0;11;6;2;0;9;0;0;0;0;2;0;0;0;0;0;0;0;0;0
999-22-5053;ssn;0;0;0;0;0;0;11;6;2;0;9;0;0;0;0;2;0;0;0;0;0;0;0;0;0
999-65-9406;ssn;0;0;0;0;0;0;11;6;2;0;9;0;0;0;0;2;0;0;0;0;0;0;0;0;0
999-72-9814;ssn;0;0;0;0;0;0;11;7;2;0;9;0;0;0;0;2;0;0;0;0;0;0;0;0;0
999-15-2325;ssn;0;0;0;0;0;0;11;6;2;0;9;0;0;0;0;2;0;0;0;0;0;0;0;0;0
999-81-8976;ssn;0;0;0;0;0;0;11;6;2;0;9;0;0;0;0;2;0;0;0;0;0;0;0;0;0
999-31-7512;ssn;0;0;0;0;0;0;11;7;2;0;9;0;0;0;0;2;0;0;0;0;0;0;0;0;0
999-84-2807;ssn;0;0;0;0;0;0;11;7;2;0;9;0;0;0;0;2;0;0;0;0;0;0;0;0;0
999-87-9542;ssn;0;0;0;0;0;0;11;7;2;0;9;0;0;0;0;2;0;0;0;0;0;0;0;0;0
999-36-5801;ssn;0;0;0;0;0;0;11;8;2;0;9;0;0;0;0;2;0;0;0;0;0;0;0;0;0
999-89-4871;ssn;0;0;0;0;0;0;11;6;2;0;9;0;0;0;0;2;0;0;0;0;0;0;0;0;0
999-66-5111;ssn;0;0;0;0;0;0;11;5;2;0;9;0;0;0;0;2;0;0;0;0;0;0;0;0;0
999-60-9366;ssn;0;0;0;0;0;0;11;5;2;0;9;0;0;0;0;2;0;0;0;0;0;0;0;0;0
999-57-6785;ssn;0;0;0;0;0;0;11;6;2;0;9;0;0;0;0;2;0;0;0;0;0;0;0;0;0
999-93-4582;ssn;0;0;0;0;0;0;11;7;2;0;9;0;0;0;0;2;0;0;0;0;0;0;0;0;0
999-20-1543;ssn;0;0;0;0;0;0;11;8;2;0;9;0;0;0;0;2;0;0;0;0;0;0;0;0;0
999-36-1535;ssn;0;0;0;0;0;0;11;6;2;0;9;0;0;0;0;2;0;0;0;0;0;0;0;0;0
999-49-9306;ssn;0;0;0;0;0;0;11;6;2;0;9;0;0;0;0;2;0;0;0;0;0;0;0;0;0
999-56-1013;ssn;0;0;0;0;0;0;11;7;2;0;9;0;0;0;0;2;0;0;0;0;0;0;0;0;0
999-30-8871;ssn;0;0;0;0;0;0;11;7;2;0;9;0;0;0;0;2;0;0;0;0;0;0;0;0;0
999-85-6106;ssn;0;0;0;0;0;0;11;7;2;0;9;0;0;0;0;2;0;0;0;0;0;0;0;0;0
999-99-9076;ssn;0;0;0;0;0;0;11;5;2;0;9;0;0;0;0;2;0;0;0;0;0;0;0;0;0
999-42-1969;ssn;0;0;0;0;0;0;11;6;2;0;9;0;0;0;0;2;0;0;0;0;0;0;0;0;0
999-22-1191;ssn;0;0;0;0;0;0;11;4;2;0;9;0;0;0;0;2;0;0;0;0;0;0;0;0;0
999-83-4011;ssn;0;0;0;0;0;0;11;7;2;0;9;0;0;0;0;2;0;0;0;0;0;0;0;0;0
999-17-6600;ssn;0;0;0;0;0;0;11;6;2;0;9;0;0;0;0;2;0;0;0;0;0;0;0;0;0
999-95-8157;ssn;0;0;0;0;0;0;11;6;2;0;9;0;0;0;0;2;0;0;0;0;0;0;0;0;0
999-31-2997;ssn;0;0;0;0;0;0;11;6;2;0;9;0;0;0;0;2;0;0;0;0;0;0;0;0;0
999-24-1654;ssn;0;0;0;0;0;0;11;7;2;0;9;0;0;0;0;2;0;0;0;0;0;0;0;0;0
999-15-2955;ssn;0;0;0;0;0;0;11;5;2;0;9;0;0;0;0;2;0;0;0;0;0;0;0;0;0
999-71-1844;ssn;0;0;0;0;0;0;11;6;2;0;9;0;0;0;0;2;0;0;0;0;0;0;0;0;0
999-54-3073;ssn;0;0;0;0;0;0;11;7;2;0;9;0;0;0;0;2;0;0;0;0;0;0;0;0;0
999-65-1821;ssn;0;0;0;0;0;0;11;7;2;0;9;0;0;0;0;2;0;0;0;0;0;0;0;0;0
999-34-4458;ssn;0;0;0;0;0;0;11;6;2;0;9;0;0;0;0;2;0;0;0;0;0;0;0;0;0
999-17-3099;ssn;0;0;0;0;0;0;11;6;2;0;9;0;0;0;0;2;0;0;0;0;0;0;0;0;0
999-26-1066;ssn;0;0;0;0;0;0;11;6;2;0;9;0;0;0;0;2;0;0;0;0;0;0;0;0;0
999-66-6914;ssn;0;0;0;0;0;0;11;5;2;0;9;0;0;0;0;2;0;0;0;0;0;0;0;0;0
999-97-9306;ssn;0;0;0;0;0;0;11;6;2;0;9;0;0;0;0;2;0;0;0;0;0;0;0;0;0
999-38-3328;ssn;0;0;0;0;0;0;11;5;2;0;9;0;0;0;0;2;0;0;0;0;0;0;0;0;0
999-67-7947;ssn;0;0;0;0;0;0;11;5;2;0;9;0;0;0;0;2;0;0;0;0;0;0;0;0;0
999-56-1375;ssn;0;0;0;0;0;0;11;7;2;0;9;0;0;0;0;2;0;0;0;0;0;0;0;0;0
999-69-7020;ssn;0;0;0;0;0;0;11;6;2;0;9;0;0;0;0;2;0;0;0;0;0;0;0;0;0
999-34-5972;ssn;0;0;0;0;0;0;11;7;2;0;9;0;0;0;0;2;0;0;0;0;0;0;0;0;0
999-92-6714;ssn;0;0;0;0;0;0;11;7;2;0;9;0;0;0;0;2;0;0;0;0;0;0;0;0;0
999-84-3286;ssn;0;0;0;0;0;0;11;7;2;0;9;0;0;0;0;2;0;0;0;0;0;0;0;0;0
999-91-6135;ssn;0;0;0;0;0;0;11;6;2;0;9;0;0;0;0;2;0;0;0;0;0;0;0;0;0
999-43-9938;ssn;0;0;0;0;0;0;11;5;2;0;9;0;0;0;0;2;0;0;0;0;0;0;0;0;0
999-85-9893;ssn;0;0;0;0;0;0;11;5;2;0;9;0;0;0;0;2;0;0;0;0;0;0;0;0;0
999-46-5823;ssn;0;0;0;0;0;0;11;8;2;0;9;0;0;0;0;2;0;0;0;0;0;0;0;0;0
999-63-3648;ssn;0;0;0;0;0;0;11;6;2;0;9;0;0;0;0;2;0;0;0;0;0;0;0;0;0
999-45-3382;ssn;0;0;0;0;0;0;11;7;2;0;9;0;0;0;0;2;0;0;0;0;0;0;0;0;0
999-87-9642;ssn;0;0;0;0;0;0;11;7;2;0;9;0;0;0;0;2;0;0;0;0;0;0;0;0;0
999-87-9142;ssn;0;0;0;0;0;0;11;7;2;0;9;0;0;0;0;2;0;0;0;0;0;0;0;0;0
999-39-1881;ssn;0;0;0;0;0;0;11;5;2;0;9;0;0;0;0;2;0;0;0;0;0;0;0;0;0
999-51-6106;ssn;0;0;0;0;0;0;11;6;2;0;9;0;0;0;0;2;0;0;0;0;0;0;0;0;0
999-62-6583;ssn;0;0;0;0;0;0;11;7;2;0;9;0;0;0;0;2;0;0;0;0;0;0;0;0;0
999-28-3644;ssn;0;0;0;0;0;0;11;7;2;0;9;0;0;0;0;2;0;0;0;0;0;0;0;0;0
999-99-3980;ssn;0;0;0;0;0;0;11;5;2;0;9;0;0;0;0;2;0;0;0;0;0;0;0;0;0
999-46-5313;ssn;0;0;0;0;0;0;11;7;2;0;9;0;0;0;0;2;0;0;0;0;0;0;0;0;0
999-96-6831;ssn;0;0;0;0;0;0;11;6;2;0;9;0;0;0;0;2;0;0;0;0;0;0;0;0;0
999-27-6225;ssn;0;0;0;0;0;0;11;6;2;0;9;0;0;0;0;2;0;0;0;0;0;0;0;0;0
999-17-2200;ssn;0;0;0;0;0;0;11;6;2;0;9;0;0;0;0;2;0;0;0;0;0;0;0;0;0
999-99-7406;ssn;0;0;0;0;0;0;11;6;2;0;9;0;0;0;0;2;0;0;0;0;0;0;0;0;0
999-85-9511;ssn;0;0;0;0;0;0;11;5;2;0;9;0;0;0;0;2;0;0;0;0;0;0;0;0;0
999-48-8364;ssn;0;0;0;0;0;0;11;6;2;0;9;0;0;0;0;2;0;0;0;0;0;0;0;0;0
999-35-9144;ssn;0;0;0;0;0;0;11;6;2;0;9;0;0;0;0;2;0;0;0;0;0;0;0;0;0
999-61-4010;ssn;0;0;0;0;0;0;11;6;2;0;9;0;0;0;0;2;0;0;0;0;0;0;0;0;0
999-48-8568;ssn;0;0;0;0;0;0;11;6;2;0;9;0;0;0;0;2;0;0;0;0;0;0;0;0;0
999-84-4314;ssn;0;0;0;0;0;0;11;6;2;0;9;0;0;0;0;2;0;0;0;0;0;0;0;0;0
999-98-8049;ssn;0;0;0;0;0;0;11;5;2;0;9;0;0;0;0;2;0;0;0;0;0;0;0;0;0
999-16-6309;ssn;0;0;0;0;0;0;11;6;2;0;9;0;0;0;0;2;0;0;0;0;0;0;0;0;0
999-30-4279;ssn;0;0;0;0;0;0;11;7;2;0;9;0;0;0;0;2;0;0;0;0;0;0;0;0;0
999-81-4891;ssn;0;0;0;0;0;0;11;5;2;0;9;0;0;0;0;2;0;0;0;0;0;0;0;0;0
609 lizeth streets bolton ma 01740 us;address;0;0;0;0;0;0;37;21;6;6;8;23;8;15;0;0;0;0;0;0;0;0;0;0;0
646 mccullough points suite 161 attleboro ma 02703 us;address;0;0;0;0;0;0;53;24;8;8;11;34;14;20;0;0;0;0;0;0;0;0;0;0;0
365 della crossroad suite 202 deerfield ma 01342 us;address;0;0;0;0;0;0;51;21;8;8;11;32;14;18;0;0;0;0;0;0;0;0;0;0;0
126 kshlerin ville chicopee ma 01013 us;address;0;0;0;0;0;0;39;21;6;6;8;25;10;15;0;0;0;0;0;0;0;0;0;0;0
635 smitham burgs fall river ma 02721 us;address;0;0;0;0;0;0;40;22;7;7;8;25;8;17;0;0;0;0;0;0;0;0;0;0;0
492 kozey garden apt. 713 north reading ma 01864 us;address;0;0;0;0;0;0;51;28;10;9;11;30;11;19;0;0;0;0;1;1;0;0;0;0;0
750 mosciski ferry dedham ma 02026 us;address;0;0;0;0;0;0;37;20;6;6;8;23;8;15;0;0;0;0;0;0;0;0;0;0;0
7134 schmitt passage suite 889 cambridge ma 02141 us;address;0;0;0;0;0;0;52;23;8;8;12;32;12;20;0;0;0;0;0;0;0;0;0;0;0
45326 soledad plaza wilmington ma 01887 us;address;0;0;0;0;0;0;42;25;6;6;10;26;10;16;0;0;0;0;0;0;0;0;0;0;0
4716 moen stream worcester ma 01604 us;address;0;0;0;0;0;0;38;17;6;6;9;23;9;14;0;0;0;0;0;0;0;0;0;0;0
7612 schaden expressway apt. 390 lynn ma 01903 us;address;0;0;0;0;0;0;49;25;9;8;12;28;8;20;0;0;0;0;1;1;0;0;0;0;1
77237 bernadette turnpike boston ma 02118 us;address;0;0;0;0;0;0;44;21;6;6;10;28;11;17;0;0;0;0;0;0;0;0;0;0;0
812 lila track apt. 793 barre ma 01005 us;address;0;0;0;0;0;0;41;23;9;8;11;21;8;13;0;0;0;0;1;1;0;0;0;0;0
875 beulah circles apt. 780 brookline ma 02447 us;address;0;0;0;0;0;0;49;24;9;8;11;29;12;17;0;0;0;0;1;1;0;0;0;0;0
47502 janice terrace clinton ma 01510 us;address;0;0;0;0;0;0;40;20;6;6;10;24;10;14;0;0;0;0;0;0;0;0;0;0;0
844 elmo spurs suite 990 north adams ma 01247 us;address;0;0;0;0;0;0;48;22;9;9;11;28;11;17;0;0;0;0;0;0;0;0;0;0;0
4368 veum shoals suite 387 worcester ma 01654 us;address;0;0;0;0;0;0;48;23;8;8;12;28;12;16;0;0;0;0;0;0;0;0;0;0;0
4315 sawayn port greenfield town ma 01302 us;address;0;0;0;0;0;0;44;24;7;7;9;28;10;18;0;0;0;0;0;0;0;0;0;0;0
55508 wilford wells suite 997 revere ma 02151 us;address;0;0;0;0;0;0;48;22;8;8;13;27;11;16;0;0;0;0;0;0;0;0;0;0;0
4668 ebony shores suite 274 dennis ma 02638 us;address;0;0;0;0;0;0;46;22;8;8;12;26;11;15;0;0;0;0;0;0;0;0;0;0;0
701 grady islands amesbury town ma 01913 us;address;0;0;0;0;0;0;43;22;7;7;8;28;9;19;0;0;0;0;0;0;0;0;0;0;0
68595 ian road suite 867 bridgewater ma 02324 us;address;0;0;0;0;0;0;48;24;8;8;13;27;13;14;0;0;0;0;0;0;0;0;0;0;0
126 van creek freetown ma 02717 us;address;0;0;0;0;0;0;34;20;6;6;8;20;8;12;0;0;0;0;0;0;0;0;0;0;0
9431 frami knoll rowley ma 01969 us;address;0;0;0;0;0;0;35;21;6;6;9;20;7;13;0;0;0;0;0;0;0;0;0;0;0
7899 barry knoll worcester ma 01602 us;address;0;0;0;0;0;0;38;23;6;6;9;23;7;16;0;0;0;0;0;0;0;0;0;0;0
668 yesenia villages apt. 530 revere ma 02151 us;address;0;0;0;0;0;0;48;23;9;8;11;28;13;15;0;0;0;0;1;1;0;0;0;0;0
940 carol heights apt. 998 springfield ma 01104 us;address;0;0;0;0;0;0;50;24;9;8;11;30;10;20;0;0;0;0;1;1;0;0;0;0;0
268 jacinto parkways taunton ma 02783 us;address;0;0;0;0;0;0;40;22;6;6;8;26;10;16;0;0;0;0;0;0;0;0;0;0;0
73868 kaela plaza suite 793 great barrington ma 01230 us;address;0;0;0;0;0;0;56;25;9;9;13;34;15;19;0;0;0;0;0;0;0;0;0;0;0
68204 sienna village woburn ma 01813 us;address;0;0;0;0;0;0;39;22;6;6;10;23;10;13;0;0;0;0;0;0;0;0;0;0;0
237 ola junctions holyoke ma 01040 us;address;0;0;0;0;0;0;37;22;6;6;8;23;10;13;0;0;0;0;0;0;0;0;0;0;0
28699 douglas fields apt. 371 rowley ma 01969 us;address;0;0;0;0;0;0;48;26;9;8;13;26;10;16;0;0;0;0;1;1;0;0;0;0;0
491 koss shores apt. 650 walpole ma 02081 us;address;0;0;0;0;0;0;44;23;9;8;11;24;9;15;0;0;0;0;1;1;0;0;0;0;0
256 jada island northbridge ma 01534 us;address;0;0;0;0;0;0;39;24;6;6;8;25;9;16;0;0;0;0;0;0;0;0;0;0;0
4680 crist extension apt. 369 millbury ma 01586 us;address;0;0;0;0;0;0;50;26;9;8;12;29;10;19;0;0;0;0;1;1;0;0;0;0;1
83423 predovic trafficway orange ma 01364 us;address;0;0;0;0;0;0;44;26;6;6;10;28;11;17;0;0;0;0;0;0;0;0;0;0;0
527 kaylah gardens suite 830 boston ma 02284 us;address;0;0;0;0;0;0;47;25;8;8;11;28;11;17;0;0;0;0;0;0;0;0;0;0;0
77798 howell track suite 247 boston ma 02116 us;address;0;0;0;0;0;0;47;25;8;8;13;26;10;16;0;0;0;0;0;0;0;0;0;0;0
2229 marvin orchard plymouth ma 02362 us;address;0;0;0;0;0;0;40;22;6;6;9;25;8;17;0;0;0;0;0;0;0;0;0;0;0
5780 corwin trafficway dartmouth ma 02714 us;address;0;0;0;0;0;0;44;23;6;6;9;29;10;19;0;0;0;0;0;0;0;0;0;0;0
362 reinger passage apt. 412 becket ma 01223 us;address;0;0;0;0;0;0;47;22;9;8;11;27;11;16;0;0;0;0;1;1;0;0;0;0;0
50531 leilani rapid suite 705 marlborough ma 01752 us;address;0;0;0;0;0;0;53;23;8;8;13;32;15;17;0;0;0;0;0;0;0;0;0;0;0
61927 rice trace somerville ma 02143 us;address;0;0;0;0;0;0;39;21;6;6;10;23;10;13;0;0;0;0;0;0;0;0;0;0;0
129 ralph extension suite 128 boston ma 02118 us;address;0;0;0;0;0;0;48;21;8;8;11;29;12;17;0;0;0;0;0;0;0;0;0;0;1
75334 kuvalis union suite 538 springfield ma 01151 us;address;0;0;0;0;0;0;53;25;8;8;13;32;14;18;0;0;0;0;0;0;0;0;0;0;0
2790 aileen vista springfield ma 01151 us;address;0;0;0;0;0;0;41;22;6;6;9;26;11;15;0;0;0;0;0;0;0;0;0;0;0
556 janick pines belmont ma 02478 us;address;0;0;0;0;0;0;36;23;6;6;8;22;8;14;0;0;0;0;0;0;0;0;0;0;0
64559 serena motorway lowell ma 01854 us;address;0;0;0;0;0;0;40;20;6;6;10;24;10;14;0;0;0;0;0;0;0;0;0;0;0
592 josiane burg plymouth ma 02361 us;address;0;0;0;0;0;0;37;25;6;6;8;23;9;14;0;0;0;0;0;0;0;0;0;0;0
773 kulas pike apt. 509 boston ma 02111 us;address;0;0;0;0;0;0;42;22;9;8;11;22;9;13;0;0;0;0;1;1;0;0;0;0;0
52816 hayes estates haverhill ma 01831 us;address;0;0;0;0;0;0;41;20;6;6;10;25;10;15;0;0;0;0;0;0;0;0;0;0;0
654 gaston centers gloucester ma 01930 us;address;0;0;0;0;0;0;41;20;6;6;8;27;10;17;0;0;0;0;0;0;0;0;0;0;0
875 madeline highway apt. 660 somerville ma 02144 us;address;0;0;0;0;0;0;52;28;9;8;11;32;13;19;0;0;0;0;1;1;0;0;0;0;0
65875 mraz roads apt. 304 reading ma 01867 us;address;0;0;0;0;0;0;45;24;9;8;13;23;9;14;0;0;0;0;1;1;0;0;0;0;0
3768 kelsie heights apt. 397 billerica ma 01821 us;address;0;0;0;0;0;0;50;25;9;8;12;29;12;17;0;0;0;0;1;1;0;0;0;0;0
53328 kristopher springs suite 264 whitman ma 02382 us;address;0;0;0;0;0;0;54;23;8;8;13;33;11;22;0;0;0;0;0;0;0;0;0;0;0
66248 schiller track suite 233 franklin town ma 02038 us;address;0;0;0;0;0;0;56;23;9;9;13;34;11;23;0;0;0;0;0;0;0;0;0;0;0
947 blanda village billerica ma 01821 us;address;0;0;0;0;0;0;40;22;6;6;8;26;11;15;0;0;0;0;0;0;0;0;0;0;0
6572 bashirian fords ipswich ma 01938 us;address;0;0;0;0;0;0;40;25;6;6;9;25;9;16;0;0;0;0;0;0;0;0;0;0;0
77524 russel station boston ma 02120 us;address;0;0;0;0;0;0;39;19;6;6;10;23;9;14;0;0;0;0;0;0;0;0;0;0;0
296 nakia harbor bourne ma 02559 us;address;0;0;0;0;0;0;35;18;6;6;8;21;10;11;0;0;0;0;0;0;0;0;0;0;0
31320 dewayne mountain acton ma 01718 us;address;0;0;0;0;0;0;40;20;6;6;10;24;11;13;0;0;0;0;0;0;0;0;0;0;0
2628 weissnat terrace west springfield town ma 01090 us;address;0;0;0;0;0;0;55;24;8;8;9;38;13;25;0;0;0;0;0;0;0;0;0;0;0
749 tromp ford braintree town ma 02185 us;address;0;0;0;0;0;0;41;24;7;7;8;26;9;17;0;0;0;0;0;0;0;0;0;0;0
925 lueilwitz meadow chicopee ma 01020 us;address;0;0;0;0;0;0;41;21;6;6;8;27;13;14;0;0;0;0;0;0;0;0;0;0;0
9079 thalia cape apt. 270 amherst ma 01002 us;address;0;0;0;0;0;0;45;19;9;8;12;24;10;14;0;0;0;0;1;1;0;0;0;0;0
1874 renner station randolph ma 02368 us;address;0;0;0;0;0;0;40;23;6;6;9;25;9;16;0;0;0;0;0;0;0;0;0;0;0
6773 schuster loop suite 376 worcester ma 01612 us;address;0;0;0;0;0;0;50;21;8;8;12;30;12;18;0;0;0;0;0;0;0;0;0;0;0
114 balistreri island apt. 459 watertown town ma 02471 us;address;0;0;0;0;0;0;57;24;10;9;11;36;13;23;0;0;0;0;1;1;0;0;0;0;0
984 keeling lock apt. 895 malden ma 02148 us;address;0;0;0;0;0;0;44;24;9;8;11;24;9;15;0;0;0;0;1;1;0;0;0;0;0
83477 reinger dam boston ma 02297 us;address;0;0;0;0;0;0;36;21;6;6;10;20;8;12;0;0;0;0;0;0;0;0;0;0;0
928 doyle ports suite 342 walpole ma 02081 us;address;0;0;0;0;0;0;45;22;8;8;11;26;11;15;0;0;0;0;0;0;0;0;0;0;0
960 eliane square suite 385 somerset ma 02725 us;address;0;0;0;0;0;0;48;21;8;8;11;29;15;14;0;0;0;0;0;0;0;0;0;0;0
721 amaya land boston ma 02109 us;address;0;0;0;0;0;0;33;17;6;6;8;19;8;11;0;0;0;0;0;0;0;0;0;0;0
8817 jaiden hill medford ma 02156 us;address;0;0;0;0;0;0;36;22;6;6;9;21;8;13;0;0;0;0;0;0;0;0;0;0;0
14357 lexie shoals apt. 899 arlington ma 02475 us;address;0;0;0;0;0;0;49;26;9;8;13;27;11;16;0;0;0;0;1;1;0;0;0;0;1
3694 grimes key northampton ma 01061 us;address;0;0;0;0;0;0;39;22;6;6;9;24;8;16;0;0;0;0;0;0;0;0;0;0;0
404 billie plains somerville ma 02145 us;address;0;0;0;0;0;0;40;19;6;6;8;26;11;15;0;0;0;0;0;0;0;0;0;0;0
40255 reichel drive suite 932 dartmouth ma 02714 us;address;0;0;0;0;0;0;51;23;8;8;13;30;13;17;0;0;0;0;0;0;0;0;0;0;0
7117 elvis center medford ma 02155 us;address;0;0;0;0;0;0;37;21;6;6;9;22;8;14;0;0;0;0;0;0;0;0;0;0;0
692 feil flats milton ma 02186 us;address;0;0;0;0;0;0;33;18;6;6;8;19;7;12;0;0;0;0;0;0;0;0;0;0;0
57373 nicolas canyon suite 297 wilmington ma 01887 us;address;0;0;0;0;0;0;53;23;8;8;13;32;13;19;0;0;0;0;0;0;0;0;0;0;0
3488 wilkinson drive suite 678 littleton ma 01460 us;address;0;0;0;0;0;0;52;23;8;8;12;32;13;19;0;0;0;0;0;0;0;0;0;0;0
7124 gleichner knolls worcester ma 01602 us;address;0;0;0;0;0;0;43;23;6;6;9;28;9;19;0;0;0;0;0;0;0;0;0;0;0
992 ruben neck brockton ma 02305 us;address;0;0;0;0;0;0;35;18;6;6;8;21;7;14;0;0;0;0;0;0;0;0;0;0;0
39806 collier park apt. 732 lowell ma 01853 us;address;0;0;0;0;0;0;46;25;9;8;13;24;9;15;0;0;0;0;1;1;0;0;0;0;0
8962 conroy shore springfield ma 01109 us;address;0;0;0;0;0;0;41;24;6;6;9;26;9;17;0;0;0;0;0;0;0;0;0;0;0
250 volkman estates marlborough ma 01752 us;address;0;0;0;0;0;0;43;21;6;6;8;29;11;18;0;0;0;0;0;0;0;0;0;0;0
2273 schneider mews suite 443 hudson ma 01749 us;address;0;0;0;0;0;0;48;22;8;8;12;28;11;17;0;0;0;0;0;0;0;0;0;0;0
4266 beatrice station westminster ma 01473 us;address;0;0;0;0;0;0;45;21;6;6;9;30;12;18;0;0;0;0;0;0;0;0;0;0;0
7730 elias crescent peabody ma 01961 us;address;0;0;0;0;0;0;39;23;6;6;9;24;10;14;0;0;0;0;0;0;0;0;0;0;0
744 julie mall cambridge ma 02139 us;address;0;0;0;0;0;0;36;21;6;6;8;22;9;13;0;0;0;0;0;0;0;0;0;0;0
40112 jazmin cove worcester ma 01612 us;address;0;0;0;0;0;0;39;21;6;6;10;23;9;14;0;0;0;0;0;0;0;0;0;0;0
955 white corner suite 912 natick ma 01760 us;address;0;0;0;0;0;0;45;22;8;8;11;26;11;15;0;0;0;0;0;0;0;0;0;0;0
7722 schaefer brook holyoke ma 01041 us;address;0;0;0;0;0;0;39;20;6;6;9;24;10;14;0;0;0;0;0;0;0;0;0;0;0
27543 kayden river apt. 549 sharon ma 02067 us;address;0;0;0;0;0;0;46;26;9;8;13;24;9;15;0;0;0;0;1;1;0;0;0;0;0
9464 bogisich tunnel apt. 798 holbrook ma 02343 us;address;0;0;0;0;0;0;50;27;9;8;12;29;11;18;0;0;0;0;1;1;0;0;0;0;0
88112 destiney viaduct suite 807 sandwich ma 02563 us;address;0;0;0;0;0;0;53;23;8;8;13;32;13;19;0;0;0;0;0;0;0;0;0;0;0
5860 lorenz brooks north andover ma 01845 us;address;0;0;0;0;0;0;44;23;7;7;9;28;10;18;0;0;0;0;0;0;0;0;0;0;0
2768 aaron highway apt. 367 springfield ma 01104 us;address;0;0;0;0;0;0;51;28;9;8;12;30;11;19;0;0;0;0;1;1;0;0;0;0;0
5600 claudine light chicopee ma 01013 us;address;0;0;0;0;0;0;40;21;6;6;9;25;11;14;0;0;0;0;0;0;0;0;0;0;0
9759 wilfrid flats grafton ma 01519 us;address;0;0;0;0;0;0;38;20;6;6;9;23;7;16;0;0;0;0;0;0;0;0;0;0;0
6158 cullen viaduct suite 483 framingham ma 01701 us;address;0;0;0;0;0;0;52;25;8;8;12;32;13;19;0;0;0;0;0;0;0;0;0;0;0
4955 mireille vista cambridge ma 02139 us;address;0;0;0;0;0;0;41;22;6;6;9;26;11;15;0;0;0;0;0;0;0;0;0;0;0
9187 dion overpass chelmsford ma 01824 us;address;0;0;0;0;0;0;41;24;6;6;9;26;9;17;0;0;0;0;0;0;0;0;0;0;0
47661 thelma shore salisbury ma 01952 us;address;0;0;0;0;0;0;40;22;6;6;10;24;9;15;0;0;0;0;0;0;0;0;0;0;0
59189 dach trail suite 834 bridgewater ma 02325 us;address;0;0;0;0;0;0;50;24;8;8;13;29;12;17;0;0;0;0;0;0;0;0;0;0;0
55846 jacobson gardens hull ma 02045 us;address;0;0;0;0;0;0;39;22;6;6;10;23;8;15;0;0;0;0;0;0;0;0;0;0;0
409 jeromy fall hadley ma 01035 us;address;0;0;0;0;0;0;34;20;6;6;8;20;7;13;0;0;0;0;0;0;0;0;0;0;0
75704 farrell trafficway suite 438 winchendon ma 01475 us;address;0;0;0;0;0;0;57;25;8;8;13;36;13;23;0;0;0;0;0;0;0;0;0;0;0
6614 meghan islands suite 424 watertown town ma 02472 us;address;0;0;0;0;0;0;56;22;9;9;12;35;13;22;0;0;0;0;0;0;0;0;0;0;0
681 eugene point bridgewater ma 02324 us;address;0;0;0;0;0;0;40;23;6;6;8;26;12;14;0;0;0;0;0;0;0;0;0;0;0
843 durgan valley suite 720 watertown town ma 02471 us;address;0;0;0;0;0;0;54;24;9;9;11;34;13;21;0;0;0;0;0;0;0;0;0;0;0
53349 haag well salem ma 01971 us;address;0;0;0;0;0;0;33;17;6;6;10;17;7;10;0;0;0;0;0;0;0;0;0;0;0
52774 dietrich square worcester ma 01601 us;address;0;0;0;0;0;0;43;22;6;6;10;27;11;16;0;0;0;0;0;0;0;0;0;0;0
2839 runolfsdottir ports gloucester ma 01931 us;address;0;0;0;0;0;0;47;23;6;6;9;32;11;21;0;0;0;0;0;0;0;0;0;0;0
189 goyette meadow apt. 931 adams ma 01220 us;address;0;0;0;0;0;0;45;20;9;8;11;25;11;14;0;0;0;0;1;1;0;0;0;0;0
5326 schuppe burg lowell ma 01850 us;address;0;0;0;0;0;0;36;22;6;6;9;21;7;14;0;0;0;0;0;0;0;0;0;0;0
952 aufderhar ports suite 578 everett ma 02149 us;address;0;0;0;0;0;0;49;23;8;8;11;30;13;17;0;0;0;0;0;0;0;0;0;0;0
413 linnie path suite 358 mashpee ma 02649 us;address;0;0;0;0;0;0;45;21;8;8;11;26;12;14;0;0;0;0;0;0;0;0;0;0;0
329 heaney parkway suite 230 everett ma 02149 us;address;0;0;0;0;0;0;48;22;8;8;11;29;13;16;0;0;0;0;0;0;0;0;0;0;0
5164 donnell plains franklin town ma 02038 us;address;0;0;0;0;0;0;45;25;7;7;9;29;9;20;0;0;0;0;0;0;0;0;0;0;0
7787 wayne isle lanesborough ma 01237 us;address;0;0;0;0;0;0;40;22;6;6;9;25;11;14;0;0;0;0;0;0;0;0;0;0;0
559 yasmin ranch west springfield town ma 01090 us;address;0;0;0;0;0;0;50;24;8;8;8;34;10;24;0;0;0;0;0;0;0;0;0;0;0
967 lonie spurs suite 738 melrose ma 02176 us;address;0;0;0;0;0;0;45;21;8;8;11;26;12;14;0;0;0;0;0;0;0;0;0;0;0
793 borer points suite 456 dracut ma 01826 us;address;0;0;0;0;0;0;45;25;8;8;11;26;11;15;0;0;0;0;0;0;0;0;0;0;0
8915 meta club brookline ma 02467 us;address;0;0;0;0;0;0;36;24;6;6;9;21;9;12;0;0;0;0;0;0;0;0;0;0;0
75866 kelton groves suite 966 leominster ma 01453 us;address;0;0;0;0;0;0;52;24;8;8;13;31;13;18;0;0;0;0;0;0;0;0;0;0;0
8201 kling extensions apt. 510 everett ma 02149 us;address;0;0;0;0;0;0;50;25;9;8;12;29;11;18;0;0;0;0;1;1;0;0;0;0;1
9444 helen lane apt. 730 pittsfield ma 01202 us;address;0;0;0;0;0;0;47;22;9;8;12;26;10;16;0;0;0;0;1;1;0;0;0;0;0
3741 lura camp apt. 858 salem ma 01971 us;address;0;0;0;0;0;0;41;20;9;8;12;20;8;12;0;0;0;0;1;1;0;0;0;0;0
29344 hahn brook apt. 972 watertown town ma 02477 us;address;0;0;0;0;0;0;52;22;10;9;13;29;10;19;0;0;0;0;1;1;0;0;0;0;0
5417 enoch burgs apt. 898 andover ma 01812 us;address;0;0;0;0;0;0;45;26;9;8;12;24;9;15;0;0;0;0;1;1;0;0;0;0;0
55478 rowe hollow apt. 779 fall river ma 02723 us;address;0;0;0;0;0;0;49;25;10;9;13;26;10;16;0;0;0;0;1;1;0;0;0;0;0
14997 zaria streets apt. 922 woburn ma 01813 us;address;0;0;0;0;0;0;47;24;9;8;13;25;10;15;0;0;0;0;1;1;0;0;0;0;0
68133 gaylord creek methuen town ma 01844 us;address;0;0;0;0;0;0;44;24;7;7;10;27;10;17;0;0;0;0;0;0;0;0;0;0;0
86910 jones mountains apt. 281 leominster ma 01453 us;address;0;0;0;0;0;0;53;24;9;8;13;31;13;18;0;0;0;0;1;1;0;0;0;0;0
9332 kelli haven billerica ma 01821 us;address;0;0;0;0;0;0;38;21;6;6;9;23;10;13;0;0;0;0;0;0;0;0;0;0;0
9402 schneider meadow suite 999 seekonk ma 02771 us;address;0;0;0;0;0;0;51;22;8;8;12;31;14;17;0;0;0;0;0;0;0;0;0;0;0
750 greenholt village apt. 991 worcester ma 01606 us;address;0;0;0;0;0;0;52;25;9;8;11;32;12;20;0;0;0;0;1;1;0;0;0;0;0
4615 rohan manors suite 893 danvers ma 01923 us;address;0;0;0;0;0;0;47;23;8;8;12;27;11;16;0;0;0;0;0;0;0;0;0;0;0
472 hessel rapids apt. 565 mansfield ma 02048 us;address;0;0;0;0;0;0;48;23;9;8;11;28;10;18;0;0;0;0;1;1;0;0;0;0;0
48012 schumm common apt. 845 milton ma 02186 us;address;0;0;0;0;0;0;47;21;9;8;13;25;8;17;0;0;0;0;1;1;0;0;0;0;0
86892 schuster turnpike apt. 144 athol ma 01331 us;address;0;0;0;0;0;0;50;25;9;8;13;28;10;18;0;0;0;0;1;1;0;0;0;0;0
6149 macgyver passage apt. 355 andover ma 01810 us;address;0;0;0;0;0;0;50;25;9;8;12;29;11;18;0;0;0;0;1;1;0;0;0;0;0
497 alexandra lights apt. 327 avon ma 02322 us;address;0;0;0;0;0;0;46;25;9;8;11;26;10;16;0;0;0;0;1;1;0;0;0;0;1
669 braxton locks suite 814 norton ma 02766 us;address;0;0;0;0;0;0;46;24;8;8;11;27;10;17;0;0;0;0;0;0;0;0;0;0;1
42895 edmond drives townsend ma 01474 us;address;0;0;0;0;0;0;40;22;6;6;10;24;8;16;0;0;0;0;0;0;0;0;0;0;0
94710 kattie station brookline ma 02446 us;address;0;0;0;0;0;0;42;21;6;6;10;26;12;14;0;0;0;0;0;0;0;0;0;0;0
228 wilson plaza boston ma 02222 us;address;0;0;0;0;0;0;35;17;6;6;8;21;8;13;0;0;0;0;0;0;0;0;0;0;0
907 maribel stravenue boston ma 02118 us;address;0;0;0;0;0;0;40;20;6;6;8;26;11;15;0;0;0;0;0;0;0;0;0;0;0
3735 howe drive cambridge ma 02138 us;address;0;0;0;0;0;0;37;23;6;6;9;22;9;13;0;0;0;0;0;0;0;0;0;0;0
9798 emmitt bridge suite 440 attleboro ma 02703 us;address;0;0;0;0;0;0;50;21;8;8;12;30;13;17;0;0;0;0;0;0;0;0;0;0;0
1208 tillman dale apt. 644 abington ma 02351 us;address;0;0;0;0;0;0;47;24;9;8;12;26;10;16;0;0;0;0;1;1;0;0;0;0;0
395 susanna isle apt. 447 leominster ma 01453 us;address;0;0;0;0;0;0;48;21;9;8;11;28;12;16;0;0;0;0;1;1;0;0;0;0;0
9089 mcclure junctions apt. 246 boston ma 02121 us;address;0;0;0;0;0;0;50;24;9;8;12;29;10;19;0;0;0;0;1;1;0;0;0;0;0
1354 pablo neck suite 854 ludlow ma 01056 us;address;0;0;0;0;0;0;44;24;8;8;12;24;10;14;0;0;0;0;0;0;0;0;0;0;0
4261 alexa springs suite 425 hampden ma 01036 us;address;0;0;0;0;0;0;48;23;8;8;12;28;11;17;0;0;0;0;0;0;0;0;0;0;1
23604 chadrick ville suite 281 haverhill ma 01835 us;address;0;0;0;0;0;0;52;23;8;8;13;31;12;19;0;0;0;0;0;0;0;0;0;0;0
446 welch dale apt. 380 barnstable town ma 02630 us;address;0;0;0;0;0;0;51;24;10;9;11;30;10;20;0;0;0;0;1;1;0;0;0;0;0
6590 williamson crossing worcester ma 01601 us;address;0;0;0;0;0;0;46;20;6;6;9;31;11;20;0;0;0;0;0;0;0;0;0;0;0
28976 broderick extension east bridgewater ma 02333 us;address;0;0;0;0;0;0;54;25;7;7;10;37;15;22;0;0;0;0;0;0;0;0;0;0;1
26896 curtis walk apt. 646 quincy ma 02169 us;address;0;0;0;0;0;0;45;24;9;8;13;23;8;15;0;0;0;0;1;1;0;0;0;0;0
769 garfield dale apt. 222 revere ma 02151 us;address;0;0;0;0;0;0;45;23;9;8;11;25;11;14;0;0;0;0;1;1;0;0;0;0;0
288 marquardt valley suite 820 brookline ma 02447 us;address;0;0;0;0;0;0;52;23;8;8;11;33;14;19;0;0;0;0;0;0;0;0;0;0;0
31047 mccullough cliffs methuen town ma 01844 us;address;0;0;0;0;0;0;48;22;7;7;10;31;10;21;0;0;0;0;0;0;0;0;0;0;0
76320 stan road winchester ma 01890 us;address;0;0;0;0;0;0;38;23;6;6;10;22;8;14;0;0;0;0;0;0;0;0;0;0;0
5989 dustin parkways apt. 738 attleboro ma 02703 us;address;0;0;0;0;0;0;51;26;9;8;12;30;11;19;0;0;0;0;1;1;0;0;0;0;0
52324 christian divide apt. 253 new bedford ma 02743 us;address;0;0;0;0;0;0;55;26;10;9;13;32;12;20;0;0;0;0;1;1;0;0;0;0;0
62192 dooley park suite 950 concord ma 01742 us;address;0;0;0;0;0;0;47;25;8;8;13;26;11;15;0;0;0;0;0;0;0;0;0;0;0
408 gladys squares suite 180 oxford ma 01540 us;address;0;0;0;0;0;0;47;22;8;8;11;28;11;17;0;0;0;0;0;0;0;0;0;0;1
8197 virgil ford suite 120 northbridge ma 01534 us;address;0;0;0;0;0;0;50;27;8;8;12;30;11;19;0;0;0;0;0;0;0;0;0;0;0
7875 schinner crest apt. 850 wellesley ma 02481 us;address;0;0;0;0;0;0;50;24;9;8;12;29;9;20;0;0;0;0;1;1;0;0;0;0;0
450 blanda island suite 476 uxbridge ma 01569 us;address;0;0;0;0;0;0;48;22;8;8;11;29;12;17;0;0;0;0;0;0;0;0;0;0;1
244 oma villages somerville ma 02144 us;address;0;0;0;0;0;0;39;16;6;6;8;25;11;14;0;0;0;0;0;0;0;0;0;0;0
416 heaney key leverett ma 01054 us;address;0;0;0;0;0;0;35;19;6;6;8;21;9;12;0;0;0;0;0;0;0;0;0;0;0
66790 dejuan glen suite 113 cambridge ma 02140 us;address;0;0;0;0;0;0;49;24;8;8;13;28;12;16;0;0;0;0;0;0;0;0;0;0;0
38065 beau viaduct apt. 201 orange ma 01378 us;address;0;0;0;0;0;0;46;26;9;8;13;24;12;12;0;0;0;0;1;1;0;0;0;0;0
43697 aiyana hill apt. 135 newton ma 02460 us;address;0;0;0;0;0;0;45;25;9;8;13;23;10;13;0;0;0;0;1;1;0;0;0;0;0
8833 dillan circles peabody ma 01961 us;address;0;0;0;0;0;0;39;22;6;6;9;24;9;15;0;0;0;0;0;0;0;0;0;0;0
200 jedidiah estate suite 886 salem ma 01971 us;address;0;0;0;0;0;0;47;19;8;8;11;28;14;14;0;0;0;0;0;0;0;0;0;0;0
921 katheryn stravenue revere ma 02151 us;address;0;0;0;0;0;0;41;18;6;6;8;27;11;16;0;0;0;0;0;0;0;0;0;0;0
8709 fritsch fork suite 925 brockton ma 02305 us;address;0;0;0;0;0;0;48;23;8;8;12;28;9;19;0;0;0;0;0;0;0;0;0;0;0
3461 mann points suite 696 stoughton ma 02072 us;address;0;0;0;0;0;0;48;21;8;8;12;28;11;17;0;0;0;0;0;0;0;0;0;0;0
881 alize course hanson ma 02341 us;address;0;0;0;0;0;0;35;20;6;6;8;21;10;11;0;0;0;0;0;0;0;0;0;0;0
8378 sandrine lane medford ma 02156 us;address;0;0;0;0;0;0;38;21;6;6;9;23;9;14;0;0;0;0;0;0;0;0;0;0;0
34146 quitzon road suite 517 springfield ma 01105 us;address;0;0;0;0;0;0;52;25;8;8;13;31;13;18;0;0;0;0;0;0;0;0;0;0;0
62691 deshaun harbor hingham ma 02043 us;address;0;0;0;0;0;0;40;21;6;6;10;24;9;15;0;0;0;0;0;0;0;0;0;0;0
886 turner falls boston ma 02196 us;address;0;0;0;0;0;0;35;19;6;6;8;21;7;14;0;0;0;0;0;0;0;0;0;0;0
80616 little brook barnstable town ma 02630 us;address;0;0;0;0;0;0;46;21;7;7;10;29;10;19;0;0;0;0;0;0;0;0;0;0;0
2502 gleichner stream braintree town ma 02184 us;address;0;0;0;0;0;0;48;23;7;7;9;32;12;20;0;0;0;0;0;0;0;0;0;0;0
431 ezequiel expressway russell ma 01071 us;address;0;0;0;0;0;0;43;20;6;6;8;29;12;17;0;0;0;0;0;0;0;0;0;0;1
677 hilario extension apt. 165 lynn ma 01910 us;address;0;0;0;0;0;0;47;23;9;8;11;27;11;16;0;0;0;0;1;1;0;0;0;0;1
3100 kali expressway apt. 275 salisbury ma 01952 us;address;0;0;0;0;0;0;51;24;9;8;12;30;11;19;0;0;0;0;1;1;0;0;0;0;1
8777 brakus mall apt. 267 new bedford ma 02746 us;address;0;0;0;0;0;0;49;24;10;9;12;27;9;18;0;0;0;0;1;1;0;0;0;0;0
903 murazik skyway suite 446 lowell ma 01850 us;address;0;0;0;0;0;0;47;23;8;8;11;28;11;17;0;0;0;0;0;0;0;0;0;0;0
84852 kunze park newburyport ma 01951 us;address;0;0;0;0;0;0;40;23;6;6;10;24;8;16;0;0;0;0;0;0;0;0;0;0;0
709 hudson expressway apt. 450 ludlow ma 01056 us;address;0;0;0;0;0;0;49;25;9;8;11;29;10;19;0;0;0;0;1;1;0;0;0;0;1
64733 herman avenue athol ma 01331 us;address;0;0;0;0;0;0;37;19;6;6;10;21;10;11;0;0;0;0;0;0;0;0;0;0;0
3746 leffler garden haverhill ma 01835 us;address;0;0;0;0;0;0;41;23;6;6;9;26;9;17;0;0;0;0;0;0;0;0;0;0;0
15325 sabryna knolls boston ma 02215 us;address;0;0;0;0;0;0;39;18;6;6;10;23;7;16;0;0;0;0;0;0;0;0;0;0;0
46917 hessel ville boston ma 02201 us;address;0;0;0;0;0;0;37;21;6;6;10;21;8;13;0;0;0;0;0;0;0;0;0;0;0
661 quitzon square suite 489 ashby ma 01431 us;address;0;0;0;0;0;0;46;23;8;8;11;27;12;15;0;0;0;0;0;0;0;0;0;0;0
597 altenwerth dam framingham ma 01705 us;address;0;0;0;0;0;0;41;21;6;6;8;27;9;18;0;0;0;0;0;0;0;0;0;0;0
935 marian summit apt. 422 agawam town ma 01001 us;address;0;0;0;0;0;0;50;21;10;9;11;29;12;17;0;0;0;0;1;1;0;0;0;0;0
5139 cummerata road new bedford ma 02743 us;address;0;0;0;0;0;0;43;23;7;7;9;27;11;16;0;0;0;0;0;0;0;0;0;0;0
377 steve stravenue suite 741 worcester ma 01609 us;address;0;0;0;0;0;0;51;21;8;8;11;32;14;18;0;0;0;0;0;0;0;0;0;0;0
3912 daphney prairie shrewsbury ma 01545 us;address;0;0;0;0;0;0;43;22;6;6;9;28;10;18;0;0;0;0;0;0;0;0;0;0;0
360 aric fork suite 796 winthrop town ma 02152 us;address;0;0;0;0;0;0;49;25;9;9;11;29;11;18;0;0;0;0;0;0;0;0;0;0;0
2614 riley well boston ma 02203 us;address;0;0;0;0;0;0;34;21;6;6;9;19;7;12;0;0;0;0;0;0;0;0;0;0;0
1524 hills drive plymouth ma 02361 us;address;0;0;0;0;0;0;37;23;6;6;9;22;7;15;0;0;0;0;0;0;0;0;0;0;0
98907 sister green weymouth town ma 02188 us;address;0;0;0;0;0;0;44;21;7;7;10;27;10;17;0;0;0;0;0;0;0;0;0;0;0
6272 gottlieb road suite 292 brockton ma 02301 us;address;0;0;0;0;0;0;49;24;8;8;12;29;12;17;0;0;0;0;0;0;0;0;0;0;0
68559 doyle freeway suite 547 boston ma 02130 us;address;0;0;0;0;0;0;48;27;8;8;13;27;12;15;0;0;0;0;0;0;0;0;0;0;0
98840 dietrich club suite 602 marblehead ma 01945 us;address;0;0;0;0;0;0;52;22;8;8;13;31;13;18;0;0;0;0;0;0;0;0;0;0;0
111 wilkinson junctions framingham ma 01705 us;address;0;0;0;0;0;0;46;22;6;6;8;32;11;21;0;0;0;0;0;0;0;0;0;0;0
386 destin islands melrose ma 02176 us;address;0;0;0;0;0;0;38;20;6;6;8;24;9;15;0;0;0;0;0;0;0;0;0;0;0
7756 turner radial suite 377 mendon ma 01756 us;address;0;0;0;0;0;0;47;19;8;8;12;27;12;15;0;0;0;0;0;0;0;0;0;0;0
792 lisa river suite 831 boxborough ma 01719 us;address;0;0;0;0;0;0;47;23;8;8;11;28;13;15;0;0;0;0;0;0;0;0;0;0;1
856 bins route haverhill ma 01832 us;address;0;0;0;0;0;0;36;22;6;6;8;22;9;13;0;0;0;0;0;0;0;0;0;0;0
105 johnson pine reading ma 01867 us;address;0;0;0;0;0;0;36;21;6;6;8;22;9;13;0;0;0;0;0;0;0;0;0;0;0
88419 kennedy radial suite 872 watertown town ma 02477 us;address;0;0;0;0;0;0;57;23;9;9;13;35;14;21;0;0;0;0;0;0;0;0;0;0;0
4928 thora islands suite 948 brookline ma 02446 us;address;0;0;0;0;0;0;50;22;8;8;12;30;13;17;0;0;0;0;0;0;0;0;0;0;0
184 hermann valleys brookline ma 02446 us;address;0;0;0;0;0;0;41;22;6;6;8;27;10;17;0;0;0;0;0;0;0;0;0;0;0
4955 eloy road suite 914 medford ma 02156 us;address;0;0;0;0;0;0;44;21;8;8;12;24;11;13;0;0;0;0;0;0;0;0;0;0;0
30336 adriana roads falmouth ma 02543 us;address;0;0;0;0;0;0;40;20;6;6;10;24;11;13;0;0;0;0;0;0;0;0;0;0;0
874 jamison light suite 265 leominster ma 01453 us;address;0;0;0;0;0;0;50;24;8;8;11;31;13;18;0;0;0;0;0;0;0;0;0;0;0
683 kiehn skyway wilbraham ma 01095 us;address;0;0;0;0;0;0;38;22;6;6;8;24;8;16;0;0;0;0;0;0;0;0;0;0;0
7593 adah course apt. 891 shrewsbury ma 01546 us;address;0;0;0;0;0;0;48;26;9;8;12;27;10;17;0;0;0;0;1;1;0;0;0;0;0
252 meaghan crossing suite 142 boston ma 02131 us;address;0;0;0;0;0;0;49;21;8;8;11;30;12;18;0;0;0;0;0;0;0;0;0;0;0
7257 hessel turnpike suite 643 medford ma 02155 us;address;0;0;0;0;0;0;50;25;8;8;12;30;12;18;0;0;0;0;0;0;0;0;0;0;0
603 abelardo creek dracut ma 01826 us;address;0;0;0;0;0;0;37;20;6;6;8;23;10;13;0;0;0;0;0;0;0;0;0;0;0
71359 fritsch dam suite 196 manchester-by-the-sea ma 01944 us;address;0;0;0;0;0;0;61;25;11;8;13;37;13;24;0;3;0;0;0;0;0;0;0;0;0
524 wisoky centers methuen town ma 01844 us;address;0;0;0;0;0;0;43;22;7;7;8;28;10;18;0;0;0;0;0;0;0;0;0;0;0
8013 zita gardens taunton ma 02780 us;address;0;0;0;0;0;0;37;20;6;6;9;22;9;13;0;0;0;0;0;0;0;0;0;0;0
1532 smitham plain pittsfield ma 01202 us;address;0;0;0;0;0;0;41;19;6;6;9;26;9;17;0;0;0;0;0;0;0;0;0;0;0
95295 lonzo neck salem ma 01971 us;address;0;0;0;0;0;0;34;18;6;6;10;18;7;11;0;0;0;0;0;0;0;0;0;0;0
6448 maria passage apt. 204 leominster ma 01453 us;address;0;0;0;0;0;0;50;23;9;8;12;29;13;16;0;0;0;0;1;1;0;0;0;0;0
654 jacobson prairie suite 689 brockton ma 02303 us;address;0;0;0;0;0;0;51;24;8;8;11;32;14;18;0;0;0;0;0;0;0;0;0;0;0
6852 collier mill holland ma 01521 us;address;0;0;0;0;0;0;37;20;6;6;9;22;8;14;0;0;0;0;0;0;0;0;0;0;0
808 bruen pike suite 114 orange ma 01364 us;address;0;0;0;0;0;0;43;21;8;8;11;24;12;12;0;0;0;0;0;0;0;0;0;0;0
31817 hodkiewicz circles spencer ma 01562 us;address;0;0;0;0;0;0;44;26;6;6;10;28;10;18;0;0;0;0;0;0;0;0;0;0;0
38370 gottlieb manors springfield ma 01107 us;address;0;0;0;0;0;0;45;22;6;6;10;29;10;19;0;0;0;0;0;0;0;0;0;0;0
5858 smitham meadow apt. 739 medford ma 02155 us;address;0;0;0;0;0;0;48;24;9;8;12;27;10;17;0;0;0;0;1;1;0;0;0;0;0
6151 lynn ranch suite 218 boston ma 02127 us;address;0;0;0;0;0;0;44;23;8;8;12;24;8;16;0;0;0;0;0;0;0;0;0;0;0
4142 izabella groves apt. 800 west stockbridge ma 01266 us;address;0;0;0;0;0;0;58;27;10;9;12;36;13;23;0;0;0;0;1;1;0;0;0;0;0
40362 kshlerin corners framingham ma 01704 us;address;0;0;0;0;0;0;45;23;6;6;10;29;9;20;0;0;0;0;0;0;0;0;0;0;0
3541 walter burgs suite 673 quincy ma 02170 us;address;0;0;0;0;0;0;46;25;8;8;12;26;10;16;0;0;0;0;0;0;0;0;0;0;0
61614 yost meadow natick ma 01760 us;address;0;0;0;0;0;0;36;20;6;6;10;20;8;12;0;0;0;0;0;0;0;0;0;0;0
4069 kevin mews apt. 500 boston ma 02137 us;address;0;0;0;0;0;0;43;25;9;8;12;22;8;14;0;0;0;0;1;1;0;0;0;0;0
80209 fritsch drive suite 690 mashpee ma 02649 us;address;0;0;0;0;0;0;49;21;8;8;13;28;11;17;0;0;0;0;0;0;0;0;0;0;0
352 van tunnel suite 583 lynn ma 01904 us;address;0;0;0;0;0;0;41;20;8;8;11;22;8;14;0;0;0;0;0;0;0;0;0;0;0
1047 d'amore manors apt. 985 norwell ma 02061 us;address;0;0;0;0;0;0;48;25;10;8;12;26;10;16;0;0;0;0;1;1;0;0;0;0;0
9173 carey rapids apt. 152 westwood ma 02090 us;address;0;0;0;0;0;0;47;23;9;8;12;26;10;16;0;0;0;0;1;1;0;0;0;0;0
119 stacy groves braintree town ma 02185 us;address;0;0;0;0;0;0;43;23;7;7;8;28;10;18;0;0;0;0;0;0;0;0;0;0;0
311 wolff motorway suite 844 weston ma 02493 us;address;0;0;0;0;0;0;47;22;8;8;11;28;11;17;0;0;0;0;0;0;0;0;0;0;0
120 althea mountain apt. 303 blackstone ma 01504 us;address;0;0;0;0;0;0;51;23;9;8;11;31;13;18;0;0;0;0;1;1;0;0;0;0;0
74837 lockman summit rehoboth ma 02769 us;address;0;0;0;0;0;0;41;24;6;6;10;25;9;16;0;0;0;0;0;0;0;0;0;0;0
994 oleta glen concord ma 01742 us;address;0;0;0;0;0;0;34;20;6;6;8;20;8;12;0;0;0;0;0;0;0;0;0;0;0
209 claude dam apt. 844 seekonk ma 02771 us;address;0;0;0;0;0;0;43;22;9;8;11;23;10;13;0;0;0;0;1;1;0;0;0;0;0
4076 lance prairie westford ma 01886 us;address;0;0;0;0;0;0;39;23;6;6;9;24;10;14;0;0;0;0;0;0;0;0;0;0;0
732 baumbach turnpike apt. 360 kingston ma 02364 us;address;0;0;0;0;0;0;51;24;9;8;11;31;11;20;0;0;0;0;1;1;0;0;0;0;0
5726 heller harbors wilmington ma 01887 us;address;0;0;0;0;0;0;42;23;6;6;9;27;9;18;0;0;0;0;0;0;0;0;0;0;0
699 felipa skyway suite 778 fall river ma 02724 us;address;0;0;0;0;0;0;50;23;9;9;11;30;12;18;0;0;0;0;0;0;0;0;0;0;0
53166 dare lights dracut ma 01826 us;address;0;0;0;0;0;0;36;21;6;6;10;20;7;13;0;0;0;0;0;0;0;0;0;0;0
2925 benedict ford apt. 696 malden ma 02148 us;address;0;0;0;0;0;0;46;26;9;8;12;25;9;16;0;0;0;0;1;1;0;0;0;0;0
5340 pagac cliffs pembroke ma 02359 us;address;0;0;0;0;0;0;38;22;6;6;9;23;8;15;0;0;0;0;0;0;0;0;0;0;0
68264 kobe street suite 508 medford ma 02156 us;address;0;0;0;0;0;0;47;21;8;8;13;26;11;15;0;0;0;0;0;0;0;0;0;0;0
474 edgardo common suite 969 chicopee ma 01020 us;address;0;0;0;0;0;0;49;23;8;8;11;30;14;16;0;0;0;0;0;0;0;0;0;0;0
637 berge hills apt. 203 lawrence ma 01843 us;address;0;0;0;0;0;0;45;26;9;8;11;25;9;16;0;0;0;0;1;1;0;0;0;0;0
782 marks light suite 938 canton ma 02021 us;address;0;0;0;0;0;0;44;23;8;8;11;25;9;16;0;0;0;0;0;0;0;0;0;0;0
47276 asia corner taunton ma 02780 us;address;0;0;0;0;0;0;37;18;6;6;10;21;10;11;0;0;0;0;0;0;0;0;0;0;0
538 dora meadows georgetown ma 01833 us;address;0;0;0;0;0;0;39;18;6;6;8;25;11;14;0;0;0;0;0;0;0;0;0;0;0
125 romaguera canyon gardner ma 01440 us;address;0;0;0;0;0;0;40;18;6;6;8;26;11;15;0;0;0;0;0;0;0;0;0;0;0
490 beaulah isle suite 134 rochester ma 02770 us;address;0;0;0;0;0;0;48;21;8;8;11;29;14;15;0;0;0;0;0;0;0;0;0;0;0
923 bartoletti dam apt. 613 bellingham ma 02019 us;address;0;0;0;0;0;0;50;24;9;8;11;30;11;19;0;0;0;0;1;1;0;0;0;0;0
612 virginia meadow bedford ma 01730 us;address;0;0;0;0;0;0;39;22;6;6;8;25;11;14;0;0;0;0;0;0;0;0;0;0;0
88380 koepp ramp boston ma 02109 us;address;0;0;0;0;0;0;35;19;6;6;10;19;7;12;0;0;0;0;0;0;0;0;0;0;0
521 jayda via rehoboth ma 02769 us;address;0;0;0;0;0;0;34;23;6;6;8;20;9;11;0;0;0;0;0;0;0;0;0;0;0
365 lacy mission malden ma 02148 us;address;0;0;0;0;0;0;35;21;6;6;8;21;8;13;0;0;0;0;0;0;0;0;0;0;0
4729 heathcote common malden ma 02148 us;address;0;0;0;0;0;0;40;20;6;6;9;25;10;15;0;0;0;0;0;0;0;0;0;0;0
2153 o'kon fords apt. 723 northfield ma 01360 us;address;0;0;0;0;0;0;48;26;10;8;12;26;9;17;0;0;0;0;1;1;0;0;0;0;0
91617 jacobi overpass attleboro ma 02703 us;address;0;0;0;0;0;0;43;23;6;6;10;27;12;15;0;0;0;0;0;0;0;0;0;0;0
518 clemmie stravenue suite 953 boston ma 02211 us;address;0;0;0;0;0;0;50;22;8;8;11;31;14;17;0;0;0;0;0;0;0;0;0;0;0
311 jordon inlet suite 326 fitchburg ma 01420 us;address;0;0;0;0;0;0;48;25;8;8;11;29;11;18;0;0;0;0;0;0;0;0;0;0;0
99231 arvilla street salem ma 01971 us;address;0;0;0;0;0;0;38;17;6;6;10;22;9;13;0;0;0;0;0;0;0;0;0;0;0
8839 joyce streets whitman ma 02382 us;address;0;0;0;0;0;0;38;21;6;6;9;23;8;15;0;0;0;0;0;0;0;0;0;0;0
1376 rogahn hollow chicopee ma 01022 us;address;0;0;0;0;0;0;39;22;6;6;9;24;10;14;0;0;0;0;0;0;0;0;0;0;0
9848 gwendolyn haven lawrence ma 01843 us;address;0;0;0;0;0;0;41;23;6;6;9;26;9;17;0;0;0;0;0;0;0;0;0;0;0
7120 kirlin fields wellfleet ma 02667 us;address;0;0;0;0;0;0;40;20;6;6;9;25;9;16;0;0;0;0;0;0;0;0;0;0;0
3111 nicole plains boston ma 02293 us;address;0;0;0;0;0;0;37;19;6;6;9;22;9;13;0;0;0;0;0;0;0;0;0;0;0
7310 haley neck suite 211 pittsfield ma 01203 us;address;0;0;0;0;0;0;48;22;8;8;12;28;11;17;0;0;0;0;0;0;0;0;0;0;0
3420 o'kon camp suite 220 milton ma 02186 us;address;0;0;0;0;0;0;44;22;9;8;12;23;10;13;0;0;0;0;0;0;0;0;0;0;0
933 yasmin port cambridge ma 02138 us;address;0;0;0;0;0;0;37;23;6;6;8;23;8;15;0;0;0;0;0;0;0;0;0;0;0
47160 rafaela ways apt. 241 raynham ma 02767 us;address;0;0;0;0;0;0;47;22;9;8;13;25;10;15;0;0;0;0;1;1;0;0;0;0;0
49818 heller squares weston ma 02493 us;address;0;0;0;0;0;0;39;21;6;6;10;23;9;14;0;0;0;0;0;0;0;0;0;0;0
4937 emerald roads west springfield town ma 01090 us;address;0;0;0;0;0;0;52;23;8;8;9;35;12;23;0;0;0;0;0;0;0;0;0;0;0
67888 leone courts fall river ma 02723 us;address;0;0;0;0;0;0;41;21;7;7;10;24;10;14;0;0;0;0;0;0;0;0;0;0;0
8150 arely forks cambridge ma 02139 us;address;0;0;0;0;0;0;38;24;6;6;9;23;8;15;0;0;0;0;0;0;0;0;0;0;0
9167 walsh circle suite 963 everett ma 02149 us;address;0;0;0;0;0;0;47;22;8;8;12;27;11;16;0;0;0;0;0;0;0;0;0;0;0
4270 demarcus springs ashburnham ma 01430 us;address;0;0;0;0;0;0;44;21;6;6;9;29;9;20;0;0;0;0;0;0;0;0;0;0;0
8790 bruen harbor newton ma 02458 us;address;0;0;0;0;0;0;36;20;6;6;9;21;8;13;0;0;0;0;0;0;0;0;0;0;0
64452 hane court apt. 589 charlton ma 01507 us;address;0;0;0;0;0;0;46;24;9;8;13;24;9;15;0;0;0;0;1;1;0;0;0;0;0
89967 gregg plain dracut ma 01826 us;address;0;0;0;0;0;0;36;22;6;6;10;20;7;13;0;0;0;0;0;0;0;0;0;0;0
8608 ashley track springfield ma 01107 us;address;0;0;0;0;0;0;41;24;6;6;9;26;8;18;0;0;0;0;0;0;0;0;0;0;0
919 lucius key suite 999 boston ma 02211 us;address;0;0;0;0;0;0;43;19;8;8;11;24;11;13;0;0;0;0;0;0;0;0;0;0;0
1716 kaela extensions dudley ma 01571 us;address;0;0;0;0;0;0;40;20;6;6;9;25;11;14;0;0;0;0;0;0;0;0;0;0;1
948 simonis lodge stoneham ma 02180 us;address;0;0;0;0;0;0;38;20;6;6;8;24;10;14;0;0;0;0;0;0;0;0;0;0;0
5104 alessandro harbors rowley ma 01969 us;address;0;0;0;0;0;0;42;21;6;6;9;27;10;17;0;0;0;0;0;0;0;0;0;0;0
4168 deonte ports apt. 647 boston ma 02130 us;address;0;0;0;0;0;0;45;22;9;8;12;24;9;15;0;0;0;0;1;1;0;0;0;0;0
6244 zoie tunnel suite 725 stoneham ma 02180 us;address;0;0;0;0;0;0;47;21;8;8;12;27;13;14;0;0;0;0;0;0;0;0;0;0;0
54715 aliza union apt. 823 malden ma 02148 us;address;0;0;0;0;0;0;45;23;9;8;13;23;11;12;0;0;0;0;1;1;0;0;0;0;0
425 jonas spurs braintree town ma 02185 us;address;0;0;0;0;0;0;42;21;7;7;8;27;10;17;0;0;0;0;0;0;0;0;0;0;0
336 tillman union franklin town ma 02038 us;address;0;0;0;0;0;0;43;19;7;7;8;28;10;18;0;0;0;0;0;0;0;0;0;0;0
63733 nina vista bolton ma 01740 us;address;0;0;0;0;0;0;35;18;6;6;10;19;8;11;0;0;0;0;0;0;0;0;0;0;0
171 schimmel crest lynn ma 01902 us;address;0;0;0;0;0;0;35;19;6;6;8;21;5;16;0;0;0;0;0;0;0;0;0;0;0
549 maegan villages amherst ma 01004 us;address;0;0;0;0;0;0;39;19;6;6;8;25;10;15;0;0;0;0;0;0;0;0;0;0;0
2336 renner island lawrence ma 01843 us;address;0;0;0;0;0;0;39;20;6;6;9;24;9;15;0;0;0;0;0;0;0;0;0;0;0
638 anabel mews suite 259 hull ma 02045 us;address;0;0;0;0;0;0;42;21;8;8;11;23;10;13;0;0;0;0;0;0;0;0;0;0;0
785 reichert canyon lowell ma 01853 us;address;0;0;0;0;0;0;38;22;6;6;8;24;9;15;0;0;0;0;0;0;0;0;0;0;0
138 langworth square suite 608 leicester ma 01524 us;address;0;0;0;0;0;0;52;25;8;8;11;33;14;19;0;0;0;0;0;0;0;0;0;0;0
332 macejkovic glen suite 949 springfield ma 01101 us;address;0;0;0;0;0;0;53;26;8;8;11;34;13;21;0;0;0;0;0;0;0;0;0;0;0
7272 devan row ware ma 01082 us;address;0;0;0;0;0;0;31;17;6;6;9;16;7;9;0;0;0;0;0;0;0;0;0;0;0
55638 cormier station ludlow ma 01056 us;address;0;0;0;0;0;0;40;21;6;6;10;24;10;14;0;0;0;0;0;0;0;0;0;0;0
103 zboncak coves acton ma 01718 us;address;0;0;0;0;0;0;35;19;6;6;8;21;8;13;0;0;0;0;0;0;0;0;0;0;0
926 kaci valleys falmouth ma 02543 us;address;0;0;0;0;0;0;37;23;6;6;8;23;9;14;0;0;0;0;0;0;0;0;0;0;0
654 alford port dalton ma 01227 us;address;0;0;0;0;0;0;34;20;6;6;8;20;7;13;0;0;0;0;0;0;0;0;0;0;0
64751 treutel flats suite 289 hadley ma 01035 us;address;0;0;0;0;0;0;48;24;8;8;13;27;11;16;0;0;0;0;0;0;0;0;0;0;0
25154 feeney neck franklin town ma 02038 us;address;0;0;0;0;0;0;43;24;7;7;10;26;9;17;0;0;0;0;0;0;0;0;0;0;0
91016 dayna summit holliston ma 01746 us;address;0;0;0;0;0;0;40;19;6;6;10;24;9;15;0;0;0;0;0;0;0;0;0;0;0
63679 farrell creek suite 397 everett ma 02149 us;address;0;0;0;0;0;0;49;22;8;8;13;28;12;16;0;0;0;0;0;0;0;0;0;0;0
28721 collier courts canton ma 02021 us;address;0;0;0;0;0;0;39;18;6;6;10;23;9;14;0;0;0;0;0;0;0;0;0;0;0
77270 milo fort leicester ma 01524 us;address;0;0;0;0;0;0;37;19;6;6;10;21;9;12;0;0;0;0;0;0;0;0;0;0;0
34008 madelynn gateway suite 325 scituate ma 02066 us;address;0;0;0;0;0;0;53;22;8;8;13;32;14;18;0;0;0;0;0;0;0;0;0;0;0
5357 rippin inlet apt. 388 shrewsbury ma 01545 us;address;0;0;0;0;0;0;49;24;9;8;12;28;9;19;0;0;0;0;1;1;0;0;0;0;0
196 runolfsson squares suite 856 waltham ma 02454 us;address;0;0;0;0;0;0;52;24;8;8;11;33;13;20;0;0;0;0;0;0;0;0;0;0;0
76942 jayce trail apt. 275 sharon ma 02067 us;address;0;0;0;0;0;0;45;25;9;8;13;23;9;14;0;0;0;0;1;1;0;0;0;0;0
11344 nathan brooks holbrook ma 02343 us;address;0;0;0;0;0;0;40;18;6;6;10;24;9;15;0;0;0;0;0;0;0;0;0;0;0
95520 little rapid suite 492 north adams ma 01247 us;address;0;0;0;0;0;0;52;22;9;9;13;30;12;18;0;0;0;0;0;0;0;0;0;0;0
77413 schinner lane suite 777 boston ma 02114 us;address;0;0;0;0;0;0;48;21;8;8;13;27;11;16;0;0;0;0;0;0;0;0;0;0;0
271 steve mountain suite 109 seekonk ma 02771 us;address;0;0;0;0;0;0;48;17;8;8;11;29;14;15;0;0;0;0;0;0;0;0;0;0;0
2162 morgan mountains malden ma 02148 us;address;0;0;0;0;0;0;40;20;6;6;9;25;10;15;0;0;0;0;0;0;0;0;0;0;0
66190 upton throughway bellingham ma 02019 us;address;0;0;0;0;0;0;45;23;6;6;10;29;10;19;0;0;0;0;0;0;0;0;0;0;0
785 bergstrom courts apt. 743 boston ma 02283 us;address;0;0;0;0;0;0;48;22;9;8;11;28;9;19;0;0;0;0;1;1;0;0;0;0;0
184 davion flats billerica ma 01821 us;address;0;0;0;0;0;0;38;22;6;6;8;24;10;14;0;0;0;0;0;0;0;0;0;0;0
37797 selmer run north andover ma 01845 us;address;0;0;0;0;0;0;42;22;7;7;10;25;9;16;0;0;0;0;0;0;0;0;0;0;0
62424 dietrich shores apt. 391 hopkinton ma 01748 us;address;0;0;0;0;0;0;52;26;9;8;13;30;11;19;0;0;0;0;1;1;0;0;0;0;0
899 halle burgs apt. 684 new bedford ma 02740 us;address;0;0;0;0;0;0;48;26;10;9;11;27;9;18;0;0;0;0;1;1;0;0;0;0;0
56158 koepp manors randolph ma 02368 us;address;0;0;0;0;0;0;39;21;6;6;10;23;8;15;0;0;0;0;0;0;0;0;0;0;0
17132 aylin junctions suite 205 sudbury ma 01776 us;address;0;0;0;0;0;0;51;24;8;8;13;30;12;18;0;0;0;0;0;0;0;0;0;0;0
39010 wilkinson common westfield ma 01085 us;address;0;0;0;0;0;0;44;22;6;6;10;28;10;18;0;0;0;0;0;0;0;0;0;0;0
9634 shanon extension apt. 143 wales ma 01081 us;address;0;0;0;0;0;0;48;23;9;8;12;27;11;16;0;0;0;0;1;1;0;0;0;0;1
48540 anya plaza suite 100 cambridge ma 02238 us;address;0;0;0;0;0;0;48;25;8;8;13;27;12;15;0;0;0;0;0;0;0;0;0;0;0
379 margaretta extension apt. 934 brockton ma 02302 us;address;0;0;0;0;0;0;54;24;9;8;11;34;13;21;0;0;0;0;1;1;0;0;0;0;1
6798 ferry fort apt. 438 reading ma 01867 us;address;0;0;0;0;0;0;44;25;9;8;12;23;8;15;0;0;0;0;1;1;0;0;0;0;0
7602 berge islands brookline ma 02445 us;address;0;0;0;0;0;0;40;21;6;6;9;25;10;15;0;0;0;0;0;0;0;0;0;0;0
86289 demarcus spurs apt. 101 webster ma 01570 us;address;0;0;0;0;0;0;49;22;9;8;13;27;9;18;0;0;0;0;1;1;0;0;0;0;0
590 giovanni roads everett ma 02149 us;address;0;0;0;0;0;0;38;20;6;6;8;24;11;13;0;0;0;0;0;0;0;0;0;0;0
438 wallace spring ludlow ma 01056 us;address;0;0;0;0;0;0;37;23;6;6;8;23;8;15;0;0;0;0;0;0;0;0;0;0;0
40843 brannon port bourne ma 02559 us;address;0;0;0;0;0;0;37;19;6;6;10;21;8;13;0;0;0;0;0;0;0;0;0;0;0
40662 lynch meadows new bedford ma 02741 us;address;0;0;0;0;0;0;43;23;7;7;10;26;8;18;0;0;0;0;0;0;0;0;0;0;0
514 grimes burgs apt. 963 quincy ma 02169 us;address;0;0;0;0;0;0;44;25;9;8;11;24;8;16;0;0;0;0;1;1;0;0;0;0;0
38928 britney points suite 773 taunton ma 02780 us;address;0;0;0;0;0;0;50;20;8;8;13;29;12;17;0;0;0;0;0;0;0;0;0;0;0
7913 kling gateway chelsea ma 02150 us;address;0;0;0;0;0;0;38;23;6;6;9;23;9;14;0;0;0;0;0;0;0;0;0;0;0
16562 dixie ridge everett ma 02149 us;address;0;0;0;0;0;0;37;20;6;6;10;21;10;11;0;0;0;0;0;0;0;0;0;0;1
993 roob rapids apt. 743 andover ma 01812 us;address;0;0;0;0;0;0;44;24;9;8;11;24;10;14;0;0;0;0;1;1;0;0;0;0;0
5589 beverly port fall river ma 02721 us;address;0;0;0;0;0;0;40;23;7;7;9;24;8;16;0;0;0;0;0;0;0;0;0;0;0
453 nicolas lock apt. 368 quincy ma 02170 us;address;0;0;0;0;0;0;44;25;9;8;11;24;9;15;0;0;0;0;1;1;0;0;0;0;0
9696 mathias inlet quincy ma 02269 us;address;0;0;0;0;0;0;37;18;6;6;9;22;9;13;0;0;0;0;0;0;0;0;0;0;0
8272 hassan plaza apt. 155 brockton ma 02304 us;address;0;0;0;0;0;0;47;25;9;8;12;26;9;17;0;0;0;0;1;1;0;0;0;0;0
7225 ashleigh path yarmouth ma 02675 us;address;0;0;0;0;0;0;39;20;6;6;9;24;9;15;0;0;0;0;0;0;0;0;0;0;0
81703 isidro circle hanson ma 02341 us;address;0;0;0;0;0;0;38;21;6;6;10;22;9;13;0;0;0;0;0;0;0;0;0;0;0
46661 champlin lane bourne ma 02559 us;address;0;0;0;0;0;0;38;22;6;6;10;22;9;13;0;0;0;0;0;0;0;0;0;0;0
546 altenwerth parks bourne ma 02532 us;address;0;0;0;0;0;0;39;22;6;6;8;25;9;16;0;0;0;0;0;0;0;0;0;0;0
212 schneider isle suite 524 haverhill ma 01833 us;address;0;0;0;0;0;0;50;22;8;8;11;31;13;18;0;0;0;0;0;0;0;0;0;0;0
39591 elinore union suite 250 methuen town ma 01844 us;address;0;0;0;0;0;0;54;22;9;9;13;32;16;16;0;0;0;0;0;0;0;0;0;0;0
88382 bogisich isle apt. 880 dudley ma 01571 us;address;0;0;0;0;0;0;47;25;9;8;13;25;10;15;0;0;0;0;1;1;0;0;0;0;0
8037 wyman extensions holyoke ma 01040 us;address;0;0;0;0;0;0;41;22;6;6;9;26;10;16;0;0;0;0;0;0;0;0;0;0;1
5897 beatty prairie suite 245 wrentham ma 02093 us;address;0;0;0;0;0;0;50;23;8;8;12;30;13;17;0;0;0;0;0;0;0;0;0;0;0
250 turcotte gateway suite 209 brookline ma 02446 us;address;0;0;0;0;0;0;52;24;8;8;11;33;15;18;0;0;0;0;0;0;0;0;0;0;0
8242 lesch roads springfield ma 01107 us;address;0;0;0;0;0;0;40;23;6;6;9;25;8;17;0;0;0;0;0;0;0;0;0;0;0
311 dexter trace worcester ma 01603 us;address;0;0;0;0;0;0;38;17;6;6;8;24;9;15;0;0;0;0;0;0;0;0;0;0;1
8112 phoebe tunnel taunton ma 02780 us;address;0;0;0;0;0;0;38;18;6;6;9;23;10;13;0;0;0;0;0;0;0;0;0;0;0
7810 audie views new bedford ma 02741 us;address;0;0;0;0;0;0;40;21;7;7;9;24;11;13;0;0;0;0;0;0;0;0;0;0;0
73219 nat burgs danvers ma 01923 us;address;0;0;0;0;0;0;35;19;6;6;10;19;6;13;0;0;0;0;0;0;0;0;0;0;0
5000 lebsack springs pittsfield ma 01202 us;address;0;0;0;0;0;0;43;22;6;6;9;28;8;20;0;0;0;0;0;0;0;0;0;0;0
9291 rahsaan views northampton ma 01060 us;address;0;0;0;0;0;0;42;20;6;6;9;27;10;17;0;0;0;0;0;0;0;0;0;0;0
2165 norberto drive suite 159 barnstable town ma 02630 us;address;0;0;0;0;0;0;57;23;9;9;12;36;14;22;0;0;0;0;0;0;0;0;0;0;0
908 nikita plaza apt. 439 chelsea ma 02150 us;address;0;0;0;0;0;0;45;24;9;8;11;25;11;14;0;0;0;0;1;1;0;0;0;0;0
5007 langosh harbors suite 559 brookline ma 02446 us;address;0;0;0;0;0;0;52;23;8;8;12;32;13;19;0;0;0;0;0;0;0;0;0;0;0
79604 mitchell dam apt. 275 braintree town ma 02185 us;address;0;0;0;0;0;0;54;28;10;9;13;31;11;20;0;0;0;0;1;1;0;0;0;0;0
839 steuber estate worcester ma 01602 us;address;0;0;0;0;0;0;40;19;6;6;8;26;11;15;0;0;0;0;0;0;0;0;0;0;0
5558 alison run suite 972 agawam town ma 01001 us;address;0;0;0;0;0;0;49;21;9;9;12;28;13;15;0;0;0;0;0;0;0;0;0;0;0
8984 tyler highway apt. 962 boston ma 02210 us;address;0;0;0;0;0;0;46;26;9;8;12;25;8;17;0;0;0;0;1;1;0;0;0;0;0
6776 vinnie run apt. 913 franklin town ma 02038 us;address;0;0;0;0;0;0;50;26;10;9;12;28;10;18;0;0;0;0;1;1;0;0;0;0;0
998 ondricka centers chicopee ma 01021 us;address;0;0;0;0;0;0;41;21;6;6;8;27;11;16;0;0;0;0;0;0;0;0;0;0;0
61358 pollich points boston ma 02228 us;address;0;0;0;0;0;0;39;21;6;6;10;23;8;15;0;0;0;0;0;0;0;0;0;0;0
5427 thurman manor suite 378 groton ma 01471 us;address;0;0;0;0;0;0;47;21;8;8;12;27;11;16;0;0;0;0;0;0;0;0;0;0;0
9769 bechtelar brooks suite 927 fall river ma 02723 us;address;0;0;0;0;0;0;54;23;9;9;12;33;13;20;0;0;0;0;0;0;0;0;0;0;0
63389 vivianne points ipswich ma 01938 us;address;0;0;0;0;0;0;41;21;6;6;10;25;10;15;0;0;0;0;0;0;0;0;0;0;0
16750 mariana orchard apt. 379 worcester ma 01614 us;address;0;0;0;0;0;0;52;25;9;8;13;30;12;18;0;0;0;0;1;1;0;0;0;0;0
75018 kennedi brook suite 756 lexington ma 02421 us;address;0;0;0;0;0;0;51;25;8;8;13;30;13;17;0;0;0;0;0;0;0;0;0;0;1
8687 gulgowski ways boston ma 02135 us;address;0;0;0;0;0;0;38;23;6;6;9;23;8;15;0;0;0;0;0;0;0;0;0;0;0
4949 tillman pines marlborough ma 01752 us;address;0;0;0;0;0;0;42;23;6;6;9;27;10;17;0;0;0;0;0;0;0;0;0;0;0
18977 trantow falls suite 708 springfield ma 01104 us;address;0;0;0;0;0;0;53;23;8;8;13;32;11;21;0;0;0;0;0;0;0;0;0;0;0
4210 harley terrace saugus ma 01906 us;address;0;0;0;0;0;0;38;19;6;6;9;23;10;13;0;0;0;0;0;0;0;0;0;0;0
974 daniel forks milford ma 01757 us;address;0;0;0;0;0;0;36;20;6;6;8;22;8;14;0;0;0;0;0;0;0;0;0;0;0
32802 stoltenberg manors auburn ma 01501 us;address;0;0;0;0;0;0;43;19;6;6;10;27;10;17;0;0;0;0;0;0;0;0;0;0;0
4386 zion place suite 361 barnstable town ma 02630 us;address;0;0;0;0;0;0;53;24;9;9;12;32;13;19;0;0;0;0;0;0;0;0;0;0;0
12763 marks common melrose ma 02176 us;address;0;0;0;0;0;0;38;18;6;6;10;22;8;14;0;0;0;0;0;0;0;0;0;0;0
44953 tad flat suite 232 taunton ma 02780 us;address;0;0;0;0;0;0;44;21;8;8;13;23;10;13;0;0;0;0;0;0;0;0;0;0;0
94124 patience track falmouth ma 02541 us;address;0;0;0;0;0;0;41;23;6;6;10;25;10;15;0;0;0;0;0;0;0;0;0;0;0
97396 heaney village millbury ma 01586 us;address;0;0;0;0;0;0;41;23;6;6;10;25;10;15;0;0;0;0;0;0;0;0;0;0;0
27480 west walks suite 818 framingham ma 01704 us;address;0;0;0;0;0;0;49;22;8;8;13;28;10;18;0;0;0;0;0;0;0;0;0;0;0
172 kshlerin estates lynnfield ma 01940 us;address;0;0;0;0;0;0;42;22;6;6;8;28;9;19;0;0;0;0;0;0;0;0;0;0;0
487 abbey dam apt. 921 east bridgewater ma 02333 us;address;0;0;0;0;0;0;51;24;10;9;11;30;12;18;0;0;0;0;1;1;0;0;0;0;0
844 ed meadows fairhaven ma 02719 us;address;0;0;0;0;0;0;36;22;6;6;8;22;10;12;0;0;0;0;0;0;0;0;0;0;0
1463 leone rue abington ma 02351 us;address;0;0;0;0;0;0;35;21;6;6;9;20;10;10;0;0;0;0;0;0;0;0;0;0;0
20498 rhoda drive somerville ma 02143 us;address;0;0;0;0;0;0;40;20;6;6;10;24;10;14;0;0;0;0;0;0;0;0;0;0;0
45541 murphy well suite 216 springfield ma 01119 us;address;0;0;0;0;0;0;51;25;8;8;13;30;10;20;0;0;0;0;0;0;0;0;0;0;0
3399 tillman valleys apt. 116 freetown ma 02717 us;address;0;0;0;0;0;0;50;25;9;8;12;29;10;19;0;0;0;0;1;1;0;0;0;0;0
4030 brayan knolls suite 970 weymouth town ma 02191 us;address;0;0;0;0;0;0;54;24;9;9;12;33;12;21;0;0;0;0;0;0;0;0;0;0;0
8412 bayer trail suite 676 haverhill ma 01835 us;address;0;0;0;0;0;0;48;23;8;8;12;28;12;16;0;0;0;0;0;0;0;0;0;0;0
6829 cassin rapids brockton ma 02301 us;address;0;0;0;0;0;0;39;22;6;6;9;24;8;16;0;0;0;0;0;0;0;0;0;0;0
122 mariana course boston ma 02205 us;address;0;0;0;0;0;0;37;17;6;6;8;23;11;12;0;0;0;0;0;0;0;0;0;0;0
9339 hessel oval chicopee ma 01013 us;address;0;0;0;0;0;0;37;17;6;6;9;22;10;12;0;0;0;0;0;0;0;0;0;0;0
67002 zakary islands braintree town ma 02184 us;address;0;0;0;0;0;0;47;25;7;7;10;30;11;19;0;0;0;0;0;0;0;0;0;0;0
97196 fritsch summit apt. 961 cambridge ma 02238 us;address;0;0;0;0;0;0;51;25;9;8;13;29;9;20;0;0;0;0;1;1;0;0;0;0;0
462 herzog cliffs amherst ma 01003 us;address;0;0;0;0;0;0;37;22;6;6;8;23;7;16;0;0;0;0;0;0;0;0;0;0;0
918 rice street boston ma 02283 us;address;0;0;0;0;0;0;34;19;6;6;8;20;8;12;0;0;0;0;0;0;0;0;0;0;0
10214 monahan terrace apt. 774 saugus ma 01906 us;address;0;0;0;0;0;0;49;22;9;8;13;27;12;15;0;0;0;0;1;1;0;0;0;0;0
39507 urban road apt. 118 dalton ma 01226 us;address;0;0;0;0;0;0;44;23;9;8;13;22;9;13;0;0;0;0;1;1;0;0;0;0;0
7497 pagac estate boston ma 02113 us;address;0;0;0;0;0;0;36;20;6;6;9;21;9;12;0;0;0;0;0;0;0;0;0;0;0
108 leuschke motorway cambridge ma 02140 us;address;0;0;0;0;0;0;43;24;6;6;8;29;11;18;0;0;0;0;0;0;0;0;0;0;0
4147 haylie key franklin town ma 02038 us;address;0;0;0;0;0;0;41;24;7;7;9;25;9;16;0;0;0;0;0;0;0;0;0;0;0
6464 brando walks newton ma 02459 us;address;0;0;0;0;0;0;36;21;6;6;9;21;7;14;0;0;0;0;0;0;0;0;0;0;0
95668 ima isle franklin town ma 02038 us;address;0;0;0;0;0;0;40;22;7;7;10;23;9;14;0;0;0;0;0;0;0;0;0;0;0
6340 treutel corner raynham ma 02767 us;address;0;0;0;0;0;0;39;20;6;6;9;24;9;15;0;0;0;0;0;0;0;0;0;0;0
822 ryley fork chelmsford ma 01824 us;address;0;0;0;0;0;0;37;20;6;6;8;23;6;17;0;0;0;0;0;0;0;0;0;0;0
1737 johnny plain ipswich ma 01938 us;address;0;0;0;0;0;0;37;21;6;6;9;22;7;15;0;0;0;0;0;0;0;0;0;0;0
46624 terry cape apt. 282 mansfield ma 02048 us;address;0;0;0;0;0;0;47;22;9;8;13;25;9;16;0;0;0;0;1;1;0;0;0;0;0
80884 sheridan burgs apt. 258 framingham ma 01704 us;address;0;0;0;0;0;0;52;24;9;8;13;30;10;20;0;0;0;0;1;1;0;0;0;0;0
16775 roob knoll apt. 611 needham ma 02492 us;address;0;0;0;0;0;0;45;25;9;8;13;23;9;14;0;0;0;0;1;1;0;0;0;0;0
8186 considine lodge hingham ma 02018 us;address;0;0;0;0;0;0;40;19;6;6;9;25;10;15;0;0;0;0;0;0;0;0;0;0;0
46101 auer path apt. 621 georgetown ma 01833 us;address;0;0;0;0;0;0;47;22;9;8;13;25;11;14;0;0;0;0;1;1;0;0;0;0;0
344 olson road apt. 936 attleboro ma 02703 us;address;0;0;0;0;0;0;45;22;9;8;11;25;11;14;0;0;0;0;1;1;0;0;0;0;0
5849 cristian gardens suite 356 everett ma 02149 us;address;0;0;0;0;0;0;51;23;8;8;12;31;13;18;0;0;0;0;0;0;0;0;0;0;0
69023 michaela motorway wakefield ma 01880 us;address;0;0;0;0;0;0;45;25;6;6;10;29;13;16;0;0;0;0;0;0;0;0;0;0;0
493 darryl wells suite 382 uxbridge ma 01569 us;address;0;0;0;0;0;0;47;25;8;8;11;28;10;18;0;0;0;0;0;0;0;0;0;0;1
3976 santa streets suite 391 shrewsbury ma 01546 us;address;0;0;0;0;0;0;51;22;8;8;12;31;11;20;0;0;0;0;0;0;0;0;0;0;0
40917 leuschke mission suite 555 medford ma 02153 us;address;0;0;0;0;0;0;52;25;8;8;13;31;13;18;0;0;0;0;0;0;0;0;0;0;0
288 earnestine harbors suite 198 boston ma 02126 us;address;0;0;0;0;0;0;51;19;8;8;11;32;14;18;0;0;0;0;0;0;0;0;0;0;0
23286 timothy spurs attleboro ma 02703 us;address;0;0;0;0;0;0;41;21;6;6;10;25;9;16;0;0;0;0;0;0;0;0;0;0;0
4814 macejkovic loop apt. 194 somerville ma 02145 us;address;0;0;0;0;0;0;52;24;9;8;12;31;13;18;0;0;0;0;1;1;0;0;0;0;0
9375 runte light apt. 951 williamstown ma 01267 us;address;0;0;0;0;0;0;50;25;9;8;12;29;10;19;0;0;0;0;1;1;0;0;0;0;0
1801 marianne harbor suite 497 tewksbury ma 01876 us;address;0;0;0;0;0;0;52;23;8;8;12;32;13;19;0;0;0;0;0;0;0;0;0;0;0
3612 nikolaus plains leominster ma 01453 us;address;0;0;0;0;0;0;43;21;6;6;9;28;12;16;0;0;0;0;0;0;0;0;0;0;0
6911 autumn gateway suite 627 westport ma 02790 us;address;0;0;0;0;0;0;50;21;8;8;12;30;13;17;0;0;0;0;0;0;0;0;0;0;0
673 orrin expressway suite 572 boston ma 02222 us;address;0;0;0;0;0;0;49;22;8;8;11;30;12;18;0;0;0;0;0;0;0;0;0;0;1
867 gust vista apt. 630 haverhill ma 01833 us;address;0;0;0;0;0;0;45;21;9;8;11;25;9;16;0;0;0;0;1;1;0;0;0;0;0
63096 leonardo garden wayland ma 01778 us;address;0;0;0;0;0;0;41;21;6;6;10;25;10;15;0;0;0;0;0;0;0;0;0;0;0
87668 rosa harbors suite 103 winthrop town ma 02152 us;address;0;0;0;0;0;0;54;23;9;9;13;32;12;20;0;0;0;0;0;0;0;0;0;0;0
563 waters place suite 226 medford ma 02156 us;address;0;0;0;0;0;0;46;22;8;8;11;27;11;16;0;0;0;0;0;0;0;0;0;0;0
554 arden loaf boston ma 02204 us;address;0;0;0;0;0;0;33;18;6;6;8;19;8;11;0;0;0;0;0;0;0;0;0;0;0
522 haag bypass apt. 607 amherst ma 01002 us;address;0;0;0;0;0;0;44;20;9;8;11;24;8;16;0;0;0;0;1;1;0;0;0;0;0
5271 beahan dale apt. 870 cambridge ma 02140 us;address;0;0;0;0;0;0;47;25;9;8;12;26;11;15;0;0;0;0;1;1;0;0;0;0;0
22866 heaney springs suite 832 quincy ma 02171 us;address;0;0;0;0;0;0;49;23;8;8;13;28;11;17;0;0;0;0;0;0;0;0;0;0;0
984 estefania meadows suite 896 boston ma 02215 us;address;0;0;0;0;0;0;50;22;8;8;11;31;15;16;0;0;0;0;0;0;0;0;0;0;0
730 nolan brooks acton ma 01720 us;address;0;0;0;0;0;0;34;18;6;6;8;20;8;12;0;0;0;0;0;0;0;0;0;0;0
606 rocio harbors suite 915 melrose ma 02176 us;address;0;0;0;0;0;0;47;21;8;8;11;28;13;15;0;0;0;0;0;0;0;0;0;0;0
63200 corrine stravenue pittsfield ma 01202 us;address;0;0;0;0;0;0;46;22;6;6;10;30;12;18;0;0;0;0;0;0;0;0;0;0;0
2803 karley drive apt. 725 plymouth ma 02360 us;address;0;0;0;0;0;0;47;25;9;8;12;26;9;17;0;0;0;0;1;1;0;0;0;0;0
96745 russel mission westwood ma 02090 us;address;0;0;0;0;0;0;41;21;6;6;10;25;10;15;0;0;0;0;0;0;0;0;0;0;0
835 schuyler river apt. 781 andover ma 05501 us;address;0;0;0;0;0;0;47;25;9;8;11;27;10;17;0;0;0;0;1;1;0;0;0;0;0
8651 donnell grove hingham ma 02044 us;address;0;0;0;0;0;0;38;22;6;6;9;23;8;15;0;0;0;0;0;0;0;0;0;0;0
73939 rubie centers worcester ma 01608 us;address;0;0;0;0;0;0;41;21;6;6;10;25;10;15;0;0;0;0;0;0;0;0;0;0;0
93389 schamberger gardens millbury ma 01527 us;address;0;0;0;0;0;0;46;24;6;6;10;30;9;21;0;0;0;0;0;0;0;0;0;0;0
87839 aglae track lowell ma 01851 us;address;0;0;0;0;0;0;36;21;6;6;10;20;8;12;0;0;0;0;0;0;0;0;0;0;0
5824 hodkiewicz viaduct quincy ma 02170 us;address;0;0;0;0;0;0;42;26;6;6;9;27;11;16;0;0;0;0;0;0;0;0;0;0;0
83337 zieme cliffs boston ma 02121 us;address;0;0;0;0;0;0;37;21;6;6;10;21;8;13;0;0;0;0;0;0;0;0;0;0;0
6242 pfeffer center suite 905 braintree town ma 02185 us;address;0;0;0;0;0;0;56;24;9;9;12;35;14;21;0;0;0;0;0;0;0;0;0;0;0
301 denesik lakes suite 132 bourne ma 02559 us;address;0;0;0;0;0;0;46;21;8;8;11;27;13;14;0;0;0;0;0;0;0;0;0;0;0
30801 mina isle pembroke ma 02359 us;address;0;0;0;0;0;0;36;21;6;6;10;20;9;11;0;0;0;0;0;0;0;0;0;0;0
61000 kreiger corner apt. 745 scituate ma 02055 us;address;0;0;0;0;0;0;50;23;9;8;13;28;12;16;0;0;0;0;1;1;0;0;0;0;0
5766 o'kon street quincy ma 02269 us;address;0;0;0;0;0;0;36;22;7;6;9;20;8;12;0;0;0;0;0;0;0;0;0;0;0
24097 mcglynn knoll springfield ma 01109 us;address;0;0;0;0;0;0;43;24;6;6;10;27;6;21;0;0;0;0;0;0;0;0;0;0;0
67257 stephanie dale suite 763 boston ma 02204 us;address;0;0;0;0;0;0;49;22;8;8;13;28;13;15;0;0;0;0;0;0;0;0;0;0;0
11663 kian fork boston ma 02129 us;address;0;0;0;0;0;0;34;19;6;6;10;18;7;11;0;0;0;0;0;0;0;0;0;0;0
5162 emmy lodge suite 542 worcester ma 01654 us;address;0;0;0;0;0;0;47;22;8;8;12;27;11;16;0;0;0;0;0;0;0;0;0;0;0
806 rosalia lodge chesterfield ma 01012 us;address;0;0;0;0;0;0;42;21;6;6;8;28;12;16;0;0;0;0;0;0;0;0;0;0;0
92686 sabryna passage sandwich ma 02563 us;address;0;0;0;0;0;0;42;24;6;6;10;26;9;17;0;0;0;0;0;0;0;0;0;0;0
198 chanel hill suite 968 wakefield ma 01880 us;address;0;0;0;0;0;0;47;21;8;8;11;28;12;16;0;0;0;0;0;0;0;0;0;0;0
8548 amira knolls middleborough ma 02349 us;address;0;0;0;0;0;0;43;23;6;6;9;28;11;17;0;0;0;0;0;0;0;0;0;0;0
2154 reed forest plymouth ma 02361 us;address;0;0;0;0;0;0;37;22;6;6;9;22;8;14;0;0;0;0;0;0;0;0;0;0;0
847 funk branch lynn ma 01903 us;address;0;0;0;0;0;0;32;21;6;6;8;18;4;14;0;0;0;0;0;0;0;0;0;0;0
9594 roscoe parkways apt. 365 wareham ma 02571 us;address;0;0;0;0;0;0;49;25;9;8;12;28;11;17;0;0;0;0;1;1;0;0;0;0;0
7289 o'connell crossroad lynnfield ma 01940 us;address;0;0;0;0;0;0;46;23;7;6;9;30;10;20;0;0;0;0;0;0;0;0;0;0;0
47684 rice fork barnstable town ma 02630 us;address;0;0;0;0;0;0;43;24;7;7;10;26;9;17;0;0;0;0;0;0;0;0;0;0;0
1972 vince tunnel apt. 103 malden ma 02148 us;address;0;0;0;0;0;0;45;23;9;8;12;24;9;15;0;0;0;0;1;1;0;0;0;0;0
682 macgyver branch stoughton ma 02072 us;address;0;0;0;0;0;0;41;21;6;6;8;27;8;19;0;0;0;0;0;0;0;0;0;0;0
298 bogan plain fall river ma 02721 us;address;0;0;0;0;0;0;38;22;7;7;8;23;9;14;0;0;0;0;0;0;0;0;0;0;0
576 bode common apt. 421 natick ma 01760 us;address;0;0;0;0;0;0;43;23;9;8;11;23;9;14;0;0;0;0;1;1;0;0;0;0;0
3385 kyleigh forest billerica ma 01821 us;address;0;0;0;0;0;0;41;24;6;6;9;26;10;16;0;0;0;0;0;0;0;0;0;0;0
9568 hammes plaza suite 562 oak bluffs ma 02557 us;address;0;0;0;0;0;0;50;23;9;9;12;29;12;17;0;0;0;0;0;0;0;0;0;0;0
4506 junior shoals apt. 474 maynard ma 01754 us;address;0;0;0;0;0;0;47;23;9;8;12;26;10;16;0;0;0;0;1;1;0;0;0;0;0
129 rowe gateway suite 554 mashpee ma 02649 us;address;0;0;0;0;0;0;46;22;8;8;11;27;13;14;0;0;0;0;0;0;0;0;0;0;0
793 eve pine apt. 566 marshfield ma 02050 us;address;0;0;0;0;0;0;44;24;9;8;11;24;10;14;0;0;0;0;1;1;0;0;0;0;0
242 teresa village apt. 438 beverly ma 01915 us;address;0;0;0;0;0;0;47;24;9;8;11;27;11;16;0;0;0;0;1;1;0;0;0;0;0
9711 batz path andover ma 05501 us;address;0;0;0;0;0;0;34;21;6;6;9;19;7;12;0;0;0;0;0;0;0;0;0;0;0
3736 kshlerin parkway apt. 262 pittsfield ma 01201 us;address;0;0;0;0;0;0;53;25;9;8;12;32;10;22;0;0;0;0;1;1;0;0;0;0;0
47465 balistreri mills cambridge ma 02142 us;address;0;0;0;0;0;0;44;21;6;6;10;28;10;18;0;0;0;0;0;0;0;0;0;0;0
296 donald drive apt. 253 fairhaven ma 02719 us;address;0;0;0;0;0;0;47;26;9;8;11;27;11;16;0;0;0;0;1;1;0;0;0;0;0
14164 feeney hollow boston ma 02115 us;address;0;0;0;0;0;0;38;21;6;6;10;22;9;13;0;0;0;0;0;0;0;0;0;0;0
46174 gleichner springs chicopee ma 01013 us;address;0;0;0;0;0;0;44;21;6;6;10;28;10;18;0;0;0;0;0;0;0;0;0;0;0
432 dereck lock suite 746 cambridge ma 02139 us;address;0;0;0;0;0;0;47;24;8;8;11;28;11;17;0;0;0;0;0;0;0;0;0;0;0
5768 hahn squares apt. 223 lynn ma 01904 us;address;0;0;0;0;0;0;43;25;9;8;12;22;7;15;0;0;0;0;1;1;0;0;0;0;0
69297 hyatt mountains apt. 113 adams ma 01220 us;address;0;0;0;0;0;0;48;21;9;8;13;26;10;16;0;0;0;0;1;1;0;0;0;0;0
1028 orville parkway norwood ma 02062 us;address;0;0;0;0;0;0;40;22;6;6;9;25;10;15;0;0;0;0;0;0;0;0;0;0;0
73616 jefferey lane salem ma 01971 us;address;0;0;0;0;0;0;37;18;6;6;10;21;9;12;0;0;0;0;0;0;0;0;0;0;0
6424 vandervort fork mendon ma 01756 us;address;0;0;0;0;0;0;39;21;6;6;9;24;8;16;0;0;0;0;0;0;0;0;0;0;0
9622 smith fork walpole ma 02081 us;address;0;0;0;0;0;0;35;22;6;6;9;20;7;13;0;0;0;0;0;0;0;0;0;0;0
425 reynolds crescent boston ma 02112 us;address;0;0;0;0;0;0;40;20;6;6;8;26;8;18;0;0;0;0;0;0;0;0;0;0;0
93546 henry point apt. 394 west bridgewater ma 02379 us;address;0;0;0;0;0;0;55;27;10;9;13;32;11;21;0;0;0;0;1;1;0;0;0;0;0
9280 gerhard plains norwood ma 02062 us;address;0;0;0;0;0;0;39;21;6;6;9;24;9;15;0;0;0;0;0;0;0;0;0;0;0
49208 darren rest webster ma 01570 us;address;0;0;0;0;0;0;37;20;6;6;10;21;7;14;0;0;0;0;0;0;0;0;0;0;0
86090 mose corners hanover ma 02340 us;address;0;0;0;0;0;0;38;19;6;6;10;22;9;13;0;0;0;0;0;0;0;0;0;0;0
9548 stracke mountain bridgewater ma 02325 us;address;0;0;0;0;0;0;45;24;6;6;9;30;12;18;0;0;0;0;0;0;0;0;0;0;0
380 gutmann plains suite 780 waltham ma 02453 us;address;0;0;0;0;0;0;48;21;8;8;11;29;11;18;0;0;0;0;0;0;0;0;0;0;0
3329 roob bypass suite 944 norwood ma 02062 us;address;0;0;0;0;0;0;46;22;8;8;12;26;11;15;0;0;0;0;0;0;0;0;0;0;0
522 lehner isle hingham ma 02018 us;address;0;0;0;0;0;0;35;17;6;6;8;21;8;13;0;0;0;0;0;0;0;0;0;0;0
976 kozey harbors suite 800 methuen town ma 01844 us;address;0;0;0;0;0;0;52;24;9;9;11;32;13;19;0;0;0;0;0;0;0;0;0;0;0
2271 volkman springs holden ma 01520 us;address;0;0;0;0;0;0;39;22;6;6;9;24;7;17;0;0;0;0;0;0;0;0;0;0;0
2233 liza lane apt. 815 paxton ma 01612 us;address;0;0;0;0;0;0;42;22;9;8;12;21;9;12;0;0;0;0;1;1;0;0;0;0;1
51559 anderson lakes salem ma 01971 us;address;0;0;0;0;0;0;38;17;6;6;10;22;9;13;0;0;0;0;0;0;0;0;0;0;0
7739 heller harbor yarmouth ma 02675 us;address;0;0;0;0;0;0;39;20;6;6;9;24;9;15;0;0;0;0;0;0;0;0;0;0;0
9881 fleta crossing suite 490 hatfield ma 01038 us;address;0;0;0;0;0;0;50;23;8;8;12;30;12;18;0;0;0;0;0;0;0;0;0;0;0
13343 misty spring apt. 937 brockton ma 02301 us;address;0;0;0;0;0;0;48;24;9;8;13;26;7;19;0;0;0;0;1;1;0;0;0;0;0
32176 richie field boston ma 02136 us;address;0;0;0;0;0;0;37;23;6;6;10;21;9;12;0;0;0;0;0;0;0;0;0;0;0
226 ryder island brockton ma 02304 us;address;0;0;0;0;0;0;37;22;6;6;8;23;7;16;0;0;0;0;0;0;0;0;0;0;0
82530 jacobs ferry haverhill ma 01833 us;address;0;0;0;0;0;0;40;23;6;6;10;24;8;16;0;0;0;0;0;0;0;0;0;0;0
136 dickens rue millbury ma 01527 us;address;0;0;0;0;0;0;36;22;6;6;8;22;8;14;0;0;0;0;0;0;0;0;0;0;0
22926 bruen oval apt. 866 boston ma 02204 us;address;0;0;0;0;0;0;44;21;9;8;13;22;9;13;0;0;0;0;1;1;0;0;0;0;0
372 vincenzo street hamilton ma 01936 us;address;0;0;0;0;0;0;40;23;6;6;8;26;10;16;0;0;0;0;0;0;0;0;0;0;0
82644 curt port apt. 897 orange ma 01364 us;address;0;0;0;0;0;0;43;23;9;8;13;21;8;13;0;0;0;0;1;1;0;0;0;0;0
67370 josue underpass apt. 967 somerville ma 02145 us;address;0;0;0;0;0;0;53;26;9;8;13;31;13;18;0;0;0;0;1;1;0;0;0;0;0
18354 wilhelmine locks suite 197 medford ma 02153 us;address;0;0;0;0;0;0;52;27;8;8;13;31;12;19;0;0;0;0;0;0;0;0;0;0;0
14934 mueller plaza apt. 808 taunton ma 02780 us;address;0;0;0;0;0;0;48;22;9;8;13;26;11;15;0;0;0;0;1;1;0;0;0;0;0
681 tamia coves webster ma 01570 us;address;0;0;0;0;0;0;35;20;6;6;8;21;9;12;0;0;0;0;0;0;0;0;0;0;0
3224 christop roads somerville ma 02143 us;address;0;0;0;0;0;0;42;21;6;6;9;27;10;17;0;0;0;0;0;0;0;0;0;0;0
31455 dedric view worcester ma 01613 us;address;0;0;0;0;0;0;39;20;6;6;10;23;9;14;0;0;0;0;0;0;0;0;0;0;0
3222 reichert ford apt. 647 chicopee ma 01020 us;address;0;0;0;0;0;0;48;23;9;8;12;27;11;16;0;0;0;0;1;1;0;0;0;0;0
850 jacobson run apt. 906 yarmouth ma 02675 us;address;0;0;0;0;0;0;46;23;9;8;11;26;10;16;0;0;0;0;1;1;0;0;0;0;0
9354 deckow fords apt. 698 northbridge ma 01534 us;address;0;0;0;0;0;0;50;29;9;8;12;29;9;20;0;0;0;0;1;1;0;0;0;0;0
85743 jerome mission barnstable town ma 02630 us;address;0;0;0;0;0;0;48;23;7;7;10;31;12;19;0;0;0;0;0;0;0;0;0;0;0
82128 blick station lynn ma 01901 us;address;0;0;0;0;0;0;36;19;6;6;10;20;6;14;0;0;0;0;0;0;0;0;0;0;0
7275 oberbrunner common apt. 763 hopkinton ma 01748 us;address;0;0;0;0;0;0;54;26;9;8;12;33;12;21;0;0;0;0;1;1;0;0;0;0;0
9922 mayert station waltham ma 02451 us;address;0;0;0;0;0;0;39;21;6;6;9;24;9;15;0;0;0;0;0;0;0;0;0;0;0
25334 kyler course suite 792 winthrop town ma 02152 us;address;0;0;0;0;0;0;54;26;9;9;13;32;12;20;0;0;0;0;0;0;0;0;0;0;0
743 maybelle pine apt. 228 new bedford ma 02740 us;address;0;0;0;0;0;0;50;25;10;9;11;29;11;18;0;0;0;0;1;1;0;0;0;0;0
15644 hauck mission boston ma 02130 us;address;0;0;0;0;0;0;38;20;6;6;10;22;9;13;0;0;0;0;0;0;0;0;0;0;0
29711 mcglynn drives quincy ma 02171 us;address;0;0;0;0;0;0;39;21;6;6;10;23;6;17;0;0;0;0;0;0;0;0;0;0;0
83273 damian garden suite 963 taunton ma 02780 us;address;0;0;0;0;0;0;49;20;8;8;13;28;13;15;0;0;0;0;0;0;0;0;0;0;0
663 jerrell knolls bellingham ma 02019 us;address;0;0;0;0;0;0;41;22;6;6;8;27;8;19;0;0;0;0;0;0;0;0;0;0;0
78728 kirlin gateway apt. 198 williamstown ma 01267 us;address;0;0;0;0;0;0;54;25;9;8;13;32;12;20;0;0;0;0;1;1;0;0;0;0;0
609 colton ville apt. 164 wayland ma 01778 us;address;0;0;0;0;0;0;45;25;9;8;11;25;9;16;0;0;0;0;1;1;0;0;0;0;0
9507 alan hills apt. 929 stockbridge ma 01262 us;address;0;0;0;0;0;0;48;27;9;8;12;27;9;18;0;0;0;0;1;1;0;0;0;0;0
364 camden terrace apt. 808 woburn ma 01813 us;address;0;0;0;0;0;0;46;22;9;8;11;26;10;16;0;0;0;0;1;1;0;0;0;0;0
406 gusikowski crescent suite 867 somerville ma 02144 us;address;0;0;0;0;0;0;56;24;8;8;11;37;15;22;0;0;0;0;0;0;0;0;0;0;0
2104 iliana junctions suite 564 boston ma 02203 us;address;0;0;0;0;0;0;50;21;8;8;12;30;14;16;0;0;0;0;0;0;0;0;0;0;0
1747 wolff unions apt. 774 southborough ma 01772 us;address;0;0;0;0;0;0;51;23;9;8;12;30;12;18;0;0;0;0;1;1;0;0;0;0;0
6885 koch drive brookline ma 02445 us;address;0;0;0;0;0;0;37;23;6;6;9;22;9;13;0;0;0;0;0;0;0;0;0;0;0
586 dalton falls shrewsbury ma 01546 us;address;0;0;0;0;0;0;39;23;6;6;8;25;7;18;0;0;0;0;0;0;0;0;0;0;0
16824 bauch lodge northbridge ma 01534 us;address;0;0;0;0;0;0;41;25;6;6;10;25;9;16;0;0;0;0;0;0;0;0;0;0;0
917 predovic walk greenfield town ma 01301 us;address;0;0;0;0;0;0;45;25;7;7;8;30;11;19;0;0;0;0;0;0;0;0;0;0;0
630 lemke ways nahant ma 01908 us;address;0;0;0;0;0;0;33;19;6;6;8;19;7;12;0;0;0;0;0;0;0;0;0;0;0
9482 delphia port apt. 859 revere ma 02151 us;address;0;0;0;0;0;0;45;23;9;8;12;24;10;14;0;0;0;0;1;1;0;0;0;0;0
11833 jessie roads apt. 147 brockton ma 02301 us;address;0;0;0;0;0;0;48;25;9;8;13;26;10;16;0;0;0;0;1;1;0;0;0;0;0
10541 lueilwitz fields suite 995 belchertown ma 01007 us;address;0;0;0;0;0;0;56;25;8;8;13;35;14;21;0;0;0;0;0;0;0;0;0;0;0
63497 hills keys brockton ma 02302 us;address;0;0;0;0;0;0;37;24;6;6;10;21;6;15;0;0;0;0;0;0;0;0;0;0;0
3812 ferry rapid quincy ma 02170 us;address;0;0;0;0;0;0;35;21;6;6;9;20;7;13;0;0;0;0;0;0;0;0;0;0;0
497 stoltenberg streets apt. 450 hopkinton ma 01748 us;address;0;0;0;0;0;0;54;25;9;8;11;34;11;23;0;0;0;0;1;1;0;0;0;0;0
229 columbus keys holbrook ma 02343 us;address;0;0;0;0;0;0;38;19;6;6;8;24;9;15;0;0;0;0;0;0;0;0;0;0;0
534 mraz lake fall river ma 02722 us;address;0;0;0;0;0;0;36;19;7;7;8;21;8;13;0;0;0;0;0;0;0;0;0;0;0
73839 altenwerth pike apt. 814 barnstable town ma 02630 us;address;0;0;0;0;0;0;58;27;10;9;13;35;12;23;0;0;0;0;1;1;0;0;0;0;0
4641 smith springs suite 195 leominster ma 01453 us;address;0;0;0;0;0;0;51;22;8;8;12;31;11;20;0;0;0;0;0;0;0;0;0;0;0
745 adolfo vista apt. 525 boston ma 02196 us;address;0;0;0;0;0;0;44;24;9;8;11;24;10;14;0;0;0;0;1;1;0;0;0;0;0
224 considine via boston ma 02119 us;address;0;0;0;0;0;0;36;19;6;6;8;22;10;12;0;0;0;0;0;0;0;0;0;0;0
47555 wisozk avenue methuen town ma 01844 us;address;0;0;0;0;0;0;44;21;7;7;10;27;12;15;0;0;0;0;0;0;0;0;0;0;0
8879 kunde fords suite 526 ware ma 01082 us;address;0;0;0;0;0;0;43;23;8;8;12;23;10;13;0;0;0;0;0;0;0;0;0;0;0
34649 reynolds manors new bedford ma 02745 us;address;0;0;0;0;0;0;45;23;7;7;10;28;9;19;0;0;0;0;0;0;0;0;0;0;0
8660 o'connell keys danvers ma 01923 us;address;0;0;0;0;0;0;39;23;7;6;9;23;8;15;0;0;0;0;0;0;0;0;0;0;0
810 andreanne isle merrimac ma 01860 us;address;0;0;0;0;0;0;39;16;6;6;8;25;11;14;0;0;0;0;0;0;0;0;0;0;0
552 reilly bridge apt. 332 chatham ma 02633 us;address;0;0;0;0;0;0;46;23;9;8;11;26;9;17;0;0;0;0;1;1;0;0;0;0;0
4494 eichmann circles lynn ma 01901 us;address;0;0;0;0;0;0;38;17;6;6;9;23;7;16;0;0;0;0;0;0;0;0;0;0;0
71412 o'hara lakes springfield ma 01106 us;address;0;0;0;0;0;0;42;24;7;6;10;25;10;15;0;0;0;0;0;0;0;0;0;0;0
174 maegan orchard apt. 373 revere ma 02151 us;address;0;0;0;0;0;0;46;24;9;8;11;26;11;15;0;0;0;0;1;1;0;0;0;0;0
424 heathcote wells apt. 832 plymouth ma 02361 us;address;0;0;0;0;0;0;49;22;9;8;11;29;10;19;0;0;0;0;1;1;0;0;0;0;0
87650 howell grove fall river ma 02723 us;address;0;0;0;0;0;0;41;22;7;7;10;24;9;15;0;0;0;0;0;0;0;0;0;0;0
786 destini unions apt. 864 amherst ma 01004 us;address;0;0;0;0;0;0;47;21;9;8;11;27;11;16;0;0;0;0;1;1;0;0;0;0;0
730 rosemary drives apt. 985 sudbury ma 01776 us;address;0;0;0;0;0;0;48;24;9;8;11;28;10;18;0;0;0;0;1;1;0;0;0;0;0
95874 chesley keys suite 800 oxford ma 01540 us;address;0;0;0;0;0;0;47;25;8;8;13;26;10;16;0;0;0;0;0;0;0;0;0;0;1
27475 guido branch boston ma 02124 us;address;0;0;0;0;0;0;37;21;6;6;10;21;8;13;0;0;0;0;0;0;0;0;0;0;0
8845 johns well suite 348 malden ma 02148 us;address;0;0;0;0;0;0;44;22;8;8;12;24;9;15;0;0;0;0;0;0;0;0;0;0;0
84152 huel loaf apt. 562 fall river ma 02724 us;address;0;0;0;0;0;0;47;24;10;9;13;24;10;14;0;0;0;0;1;1;0;0;0;0;0
51536 chance meadows suite 487 bellingham ma 02019 us;address;0;0;0;0;0;0;53;27;8;8;13;32;13;19;0;0;0;0;0;0;0;0;0;0;0
2281 bryon crescent suite 534 dedham ma 02027 us;address;0;0;0;0;0;0;48;24;8;8;12;28;10;18;0;0;0;0;0;0;0;0;0;0;0
98015 jany port boston ma 02130 us;address;0;0;0;0;0;0;34;20;6;6;10;18;6;12;0;0;0;0;0;0;0;0;0;0;0
26450 walter summit middleborough ma 02346 us;address;0;0;0;0;0;0;45;22;6;6;10;29;11;18;0;0;0;0;0;0;0;0;0;0;0
560 willy shore apt. 104 pembroke ma 02359 us;address;0;0;0;0;0;0;45;26;9;8;11;25;9;16;0;0;0;0;1;1;0;0;0;0;0
5129 barton rapids suite 716 tyngsborough ma 01879 us;address;0;0;0;0;0;0;53;25;8;8;12;33;12;21;0;0;0;0;0;0;0;0;0;0;0
19106 prohaska centers lexington ma 02421 us;address;0;0;0;0;0;0;44;24;6;6;10;28;10;18;0;0;0;0;0;0;0;0;0;0;1
10952 ratke streets apt. 834 chicopee ma 01014 us;address;0;0;0;0;0;0;49;23;9;8;13;27;11;16;0;0;0;0;1;1;0;0;0;0;0
707 enola run suite 875 cambridge ma 02163 us;address;0;0;0;0;0;0;45;24;8;8;11;26;12;14;0;0;0;0;0;0;0;0;0;0;0
135 schroeder mews apt. 110 framingham ma 01701 us;address;0;0;0;0;0;0;50;24;9;8;11;30;10;20;0;0;0;0;1;1;0;0;0;0;0
68655 jerrod ports suite 461 lowell ma 01852 us;address;0;0;0;0;0;0;47;22;8;8;13;26;10;16;0;0;0;0;0;0;0;0;0;0;0
174 olga squares shrewsbury ma 01546 us;address;0;0;0;0;0;0;39;21;6;6;8;25;9;16;0;0;0;0;0;0;0;0;0;0;0
1810 veum underpass bourne ma 02559 us;address;0;0;0;0;0;0;38;19;6;6;9;23;10;13;0;0;0;0;0;0;0;0;0;0;0
82793 lilyan islands suite 821 monson ma 01057 us;address;0;0;0;0;0;0;49;21;8;8;13;28;11;17;0;0;0;0;0;0;0;0;0;0;0
5688 littel highway worcester ma 01606 us;address;0;0;0;0;0;0;41;21;6;6;9;26;9;17;0;0;0;0;0;0;0;0;0;0;0
9053 abbott track suite 363 taunton ma 02783 us;address;0;0;0;0;0;0;47;22;8;8;12;27;11;16;0;0;0;0;0;0;0;0;0;0;0
381 bartell islands suite 549 newton ma 02467 us;address;0;0;0;0;0;0;48;25;8;8;11;29;11;18;0;0;0;0;0;0;0;0;0;0;0
78189 jennings road williamstown ma 01267 us;address;0;0;0;0;0;0;44;23;6;6;10;28;10;18;0;0;0;0;0;0;0;0;0;0;0
696 dexter roads apt. 739 sandisfield ma 01255 us;address;0;0;0;0;0;0;49;25;9;8;11;29;11;18;0;0;0;0;1;1;0;0;0;0;1
9182 reynold bypass suite 599 braintree town ma 02184 us;address;0;0;0;0;0;0;56;24;9;9;12;35;13;22;0;0;0;0;0;0;0;0;0;0;0
65096 corwin lock stoughton ma 02072 us;address;0;0;0;0;0;0;39;22;6;6;10;23;8;15;0;0;0;0;0;0;0;0;0;0;0
7308 armstrong rapid brockton ma 02305 us;address;0;0;0;0;0;0;41;22;6;6;9;26;8;18;0;0;0;0;0;0;0;0;0;0;0
34407 pfannerstill via walpole ma 02081 us;address;0;0;0;0;0;0;42;23;6;6;10;26;10;16;0;0;0;0;0;0;0;0;0;0;0
79409 norbert avenue dracut ma 01826 us;address;0;0;0;0;0;0;39;22;6;6;10;23;10;13;0;0;0;0;0;0;0;0;0;0;0
794 kyra mount suite 175 lowell ma 01852 us;address;0;0;0;0;0;0;43;23;8;8;11;24;10;14;0;0;0;0;0;0;0;0;0;0;0
53129 leora skyway suite 467 revere ma 02151 us;address;0;0;0;0;0;0;47;24;8;8;13;26;12;14;0;0;0;0;0;0;0;0;0;0;0
882 pollich mills suite 441 brockton ma 02305 us;address;0;0;0;0;0;0;48;24;8;8;11;29;10;19;0;0;0;0;0;0;0;0;0;0;0
63543 conroy harbor apt. 314 douglas ma 01516 us;address;0;0;0;0;0;0;48;24;9;8;13;26;10;16;0;0;0;0;1;1;0;0;0;0;0
4236 boyle place suite 884 lynn ma 01902 us;address;0;0;0;0;0;0;43;23;8;8;12;23;9;14;0;0;0;0;0;0;0;0;0;0;0
70744 legros street wilmington ma 01887 us;address;0;0;0;0;0;0;42;19;6;6;10;26;9;17;0;0;0;0;0;0;0;0;0;0;0
313 alison garden boston ma 02205 us;address;0;0;0;0;0;0;36;20;6;6;8;22;9;13;0;0;0;0;0;0;0;0;0;0;0
20209 hilton trace apt. 543 boylston ma 01505 us;address;0;0;0;0;0;0;48;25;9;8;13;26;9;17;0;0;0;0;1;1;0;0;0;0;0
32363 treutel glen apt. 376 boston ma 02113 us;address;0;0;0;0;0;0;46;21;9;8;13;24;9;15;0;0;0;0;1;1;0;0;0;0;0
214 breana corner middleborough ma 02348 us;address;0;0;0;0;0;0;43;22;6;6;8;29;12;17;0;0;0;0;0;0;0;0;0;0;0
98418 koelpin orchard clinton ma 01510 us;address;0;0;0;0;0;0;41;23;6;6;10;25;9;16;0;0;0;0;0;0;0;0;0;0;0
61762 anna light malden ma 02148 us;address;0;0;0;0;0;0;35;20;6;6;10;19;7;12;0;0;0;0;0;0;0;0;0;0;0
4084 tyree flat brookline ma 02447 us;address;0;0;0;0;0;0;37;21;6;6;9;22;9;13;0;0;0;0;0;0;0;0;0;0;0
5037 upton manor reading ma 01867 us;address;0;0;0;0;0;0;36;21;6;6;9;21;9;12;0;0;0;0;0;0;0;0;0;0;0
65739 jaiden harbor concord ma 01742 us;address;0;0;0;0;0;0;39;24;6;6;10;23;9;14;0;0;0;0;0;0;0;0;0;0;0
3361 pfeffer brooks dedham ma 02026 us;address;0;0;0;0;0;0;38;19;6;6;9;23;8;15;0;0;0;0;0;0;0;0;0;0;0
1943 berenice causeway suite 664 marlborough ma 01752 us;address;0;0;0;0;0;0;56;27;8;8;12;36;17;19;0;0;0;0;0;0;0;0;0;0;0
76303 leora drives franklin town ma 02038 us;address;0;0;0;0;0;0;44;23;7;7;10;27;10;17;0;0;0;0;0;0;0;0;0;0;0
949 daisha stream apt. 542 milford ma 01757 us;address;0;0;0;0;0;0;46;23;9;8;11;26;10;16;0;0;0;0;1;1;0;0;0;0;0
5184 harvey mountain suite 974 boston ma 02126 us;address;0;0;0;0;0;0;49;24;8;8;12;29;13;16;0;0;0;0;0;0;0;0;0;0;0
43942 marisol cliff suite 265 arlington ma 02475 us;address;0;0;0;0;0;0;51;23;8;8;13;30;12;18;0;0;0;0;0;0;0;0;0;0;0
54046 aletha prairie windsor ma 01270 us;address;0;0;0;0;0;0;40;23;6;6;10;24;11;13;0;0;0;0;0;0;0;0;0;0;0
8876 montana ports shrewsbury ma 01545 us;address;0;0;0;0;0;0;41;22;6;6;9;26;8;18;0;0;0;0;0;0;0;0;0;0;0
31477 ortiz parks rehoboth ma 02769 us;address;0;0;0;0;0;0;38;23;6;6;10;22;8;14;0;0;0;0;0;0;0;0;0;0;0
77683 vella path apt. 577 somerville ma 02143 us;address;0;0;0;0;0;0;48;24;9;8;13;26;10;16;0;0;0;0;1;1;0;0;0;0;0
671 ava spurs somerset ma 02726 us;address;0;0;0;0;0;0;34;16;6;6;8;20;8;12;0;0;0;0;0;0;0;0;0;0;0
490 metz springs suite 107 medford ma 02156 us;address;0;0;0;0;0;0;46;24;8;8;11;27;9;18;0;0;0;0;0;0;0;0;0;0;0
12638 lola track apt. 794 watertown town ma 02472 us;address;0;0;0;0;0;0;52;25;10;9;13;29;10;19;0;0;0;0;1;1;0;0;0;0;0
75909 deckow drive brockton ma 02304 us;address;0;0;0;0;0;0;39;24;6;6;10;23;8;15;0;0;0;0;0;0;0;0;0;0;0
70339 muller club montague ma 01351 us;address;0;0;0;0;0;0;38;20;6;6;10;22;9;13;0;0;0;0;0;0;0;0;0;0;0
609 kevon trail apt. 507 malden ma 02148 us;address;0;0;0;0;0;0;43;26;9;8;11;23;9;14;0;0;0;0;1;1;0;0;0;0;0
5611 crooks skyway quincy ma 02169 us;address;0;0;0;0;0;0;37;20;6;6;9;22;7;15;0;0;0;0;0;0;0;0;0;0;0
4280 marietta valley suite 821 chicopee ma 01022 us;address;0;0;0;0;0;0;51;21;8;8;12;31;15;16;0;0;0;0;0;0;0;0;0;0;0
9260 wendell dam boston ma 02126 us;address;0;0;0;0;0;0;35;18;6;6;9;20;7;13;0;0;0;0;0;0;0;0;0;0;0
36045 yost walk suite 698 southborough ma 01745 us;address;0;0;0;0;0;0;50;26;8;8;13;29;12;17;0;0;0;0;0;0;0;0;0;0;0
34107 medhurst inlet apt. 709 boston ma 02297 us;address;0;0;0;0;0;0;48;24;9;8;13;26;9;17;0;0;0;0;1;1;0;0;0;0;0
894 johnson station hatfield ma 01038 us;address;0;0;0;0;0;0;40;21;6;6;8;26;10;16;0;0;0;0;0;0;0;0;0;0;0
457 kautzer summit apt. 749 woburn ma 01813 us;address;0;0;0;0;0;0;46;25;9;8;11;26;10;16;0;0;0;0;1;1;0;0;0;0;0
210 mcclure ports suite 676 brockton ma 02301 us;address;0;0;0;0;0;0;48;22;8;8;11;29;10;19;0;0;0;0;0;0;0;0;0;0;0
9638 corwin views acton ma 01718 us;address;0;0;0;0;0;0;35;21;6;6;9;20;8;12;0;0;0;0;0;0;0;0;0;0;0
171 streich plains suite 832 medway ma 02053 us;address;0;0;0;0;0;0;47;24;8;8;11;28;11;17;0;0;0;0;0;0;0;0;0;0;0
6267 elmore manors apt. 470 mansfield ma 02048 us;address;0;0;0;0;0;0;49;22;9;8;12;28;11;17;0;0;0;0;1;1;0;0;0;0;0
87395 becker neck apt. 189 boston ma 02108 us;address;0;0;0;0;0;0;45;23;9;8;13;23;8;15;0;0;0;0;1;1;0;0;0;0;0
7774 buddy causeway apt. 912 douglas ma 01516 us;address;0;0;0;0;0;0;48;25;9;8;12;27;11;16;0;0;0;0;1;1;0;0;0;0;0
8131 gennaro mountain apt. 665 mashpee ma 02649 us;address;0;0;0;0;0;0;50;24;9;8;12;29;13;16;0;0;0;0;1;1;0;0;0;0;0
773 sid vista boston ma 02298 us;address;0;0;0;0;0;0;32;18;6;6;8;18;7;11;0;0;0;0;0;0;0;0;0;0;0
966 harmon centers boxford ma 01921 us;address;0;0;0;0;0;0;38;21;6;6;8;24;8;16;0;0;0;0;0;0;0;0;0;0;1
2873 quigley expressway north andover ma 01845 us;address;0;0;0;0;0;0;49;29;7;7;9;33;12;21;0;0;0;0;0;0;0;0;0;0;1
56014 pauline court suite 117 springfield ma 01138 us;address;0;0;0;0;0;0;53;25;8;8;13;32;14;18;0;0;0;0;0;0;0;0;0;0;0
173 porter mountain boston ma 02131 us;address;0;0;0;0;0;0;38;18;6;6;8;24;10;14;0;0;0;0;0;0;0;0;0;0;0
25503 willow crossing apt. 173 beverly ma 01915 us;address;0;0;0;0;0;0;50;27;9;8;13;28;9;19;0;0;0;0;1;1;0;0;0;0;0
854 frank lights apt. 585 north brookfield ma 01535 us;address;0;0;0;0;0;0;54;26;10;9;11;33;10;23;0;0;0;0;1;1;0;0;0;0;0
57174 schinner land suite 765 boston ma 02124 us;address;0;0;0;0;0;0;48;23;8;8;13;27;10;17;0;0;0;0;0;0;0;0;0;0;0
10945 mckenna parks suite 126 melrose ma 02176 us;address;0;0;0;0;0;0;49;23;8;8;13;28;11;17;0;0;0;0;0;0;0;0;0;0;0
15326 alek cove framingham ma 01704 us;address;0;0;0;0;0;0;38;25;6;6;10;22;9;13;0;0;0;0;0;0;0;0;0;0;0
363 gudrun glen malden ma 02148 us;address;0;0;0;0;0;0;34;18;6;6;8;20;7;13;0;0;0;0;0;0;0;0;0;0;0
336 petra radial suite 137 rowley ma 01969 us;address;0;0;0;0;0;0;45;21;8;8;11;26;12;14;0;0;0;0;0;0;0;0;0;0;0
667 bo view whitman ma 02382 us;address;0;0;0;0;0;0;31;20;6;6;8;17;7;10;0;0;0;0;0;0;0;0;0;0;0
683 camden lights newton ma 02458 us;address;0;0;0;0;0;0;36;23;6;6;8;22;7;15;0;0;0;0;0;0;0;0;0;0;0
88750 dicki keys billerica ma 01821 us;address;0;0;0;0;0;0;38;20;6;6;10;22;9;13;0;0;0;0;0;0;0;0;0;0;0
13945 goodwin light suite 675 worcester ma 01610 us;address;0;0;0;0;0;0;51;25;8;8;13;30;12;18;0;0;0;0;0;0;0;0;0;0;0
2342 river oval suite 439 berlin ma 01503 us;address;0;0;0;0;0;0;44;21;8;8;12;24;11;13;0;0;0;0;0;0;0;0;0;0;0
83679 walter turnpike arlington ma 02474 us;address;0;0;0;0;0;0;43;24;6;6;10;27;10;17;0;0;0;0;0;0;0;0;0;0;0
847 laurine track woburn ma 01815 us;address;0;0;0;0;0;0;36;22;6;6;8;22;9;13;0;0;0;0;0;0;0;0;0;0;0
93294 steuber lodge south hadley ma 01075 us;address;0;0;0;0;0;0;44;23;7;7;10;27;11;16;0;0;0;0;0;0;0;0;0;0;0
733 rowe hollow suite 844 malden ma 02148 us;address;0;0;0;0;0;0;44;22;8;8;11;25;11;14;0;0;0;0;0;0;0;0;0;0;0
73562 margot harbor apt. 894 lee ma 01264 us;address;0;0;0;0;0;0;44;25;9;8;13;22;9;13;0;0;0;0;1;1;0;0;0;0;0
724 stark forges apt. 828 springfield ma 01107 us;address;0;0;0;0;0;0;49;24;9;8;11;29;9;20;0;0;0;0;1;1;0;0;0;0;0
405 schamberger village suite 330 brookline ma 02447 us;address;0;0;0;0;0;0;55;24;8;8;11;36;15;21;0;0;0;0;0;0;0;0;0;0;0
64203 coty groves boston ma 02108 us;address;0;0;0;0;0;0;36;22;6;6;10;20;7;13;0;0;0;0;0;0;0;0;0;0;0
192 liana alley lawrence ma 01842 us;address;0;0;0;0;0;0;36;19;6;6;8;22;10;12;0;0;0;0;0;0;0;0;0;0;0
456 herzog river gardner ma 01440 us;address;0;0;0;0;0;0;36;20;6;6;8;22;8;14;0;0;0;0;0;0;0;0;0;0;0
6539 oliver junctions north brookfield ma 01535 us;address;0;0;0;0;0;0;50;26;7;7;9;34;13;21;0;0;0;0;0;0;0;0;0;0;0
16710 runolfsson cove milton ma 02186 us;address;0;0;0;0;0;0;40;21;6;6;10;24;9;15;0;0;0;0;0;0;0;0;0;0;0
620 anita stream newton ma 02466 us;address;0;0;0;0;0;0;35;16;6;6;8;21;9;12;0;0;0;0;0;0;0;0;0;0;0
2354 hansen extension newton ma 02467 us;address;0;0;0;0;0;0;40;20;6;6;9;25;10;15;0;0;0;0;0;0;0;0;0;0;1
879 reichel lane framingham ma 01705 us;address;0;0;0;0;0;0;39;20;6;6;8;25;10;15;0;0;0;0;0;0;0;0;0;0;0
25526 nolan curve apt. 529 somerville ma 02145 us;address;0;0;0;0;0;0;49;23;9;8;13;27;11;16;0;0;0;0;1;1;0;0;0;0;0
61910 jakubowski mission apt. 574 boston ma 02283 us;address;0;0;0;0;0;0;52;25;9;8;13;30;12;18;0;0;0;0;1;1;0;0;0;0;0
39068 casey orchard attleboro ma 02703 us;address;0;0;0;0;0;0;41;22;6;6;10;25;10;15;0;0;0;0;0;0;0;0;0;0;0
13101 rau fords apt. 156 townsend ma 01474 us;address;0;0;0;0;0;0;45;22;9;8;13;23;8;15;0;0;0;0;1;1;0;0;0;0;0
285 zackary neck suite 683 boston ma 02125 us;address;0;0;0;0;0;0;45;23;8;8;11;26;10;16;0;0;0;0;0;0;0;0;0;0;0
719 feest spur fall river ma 02720 us;address;0;0;0;0;0;0;37;18;7;7;8;22;8;14;0;0;0;0;0;0;0;0;0;0;0
721 gibson knolls apt. 816 middleborough ma 02346 us;address;0;0;0;0;0;0;52;27;9;8;11;32;11;21;0;0;0;0;1;1;0;0;0;0;0
627 toni ford taunton ma 02780 us;address;0;0;0;0;0;0;33;17;6;6;8;19;8;11;0;0;0;0;0;0;0;0;0;0;0
57221 dicki drives tewksbury ma 01876 us;address;0;0;0;0;0;0;40;23;6;6;10;24;8;16;0;0;0;0;0;0;0;0;0;0;0
54477 torp cape grafton ma 01519 us;address;0;0;0;0;0;0;35;20;6;6;10;19;7;12;0;0;0;0;0;0;0;0;0;0;0
15986 fadel squares easton ma 02334 us;address;0;0;0;0;0;0;38;23;6;6;10;22;10;12;0;0;0;0;0;0;0;0;0;0;0
137 colin pike barnstable town ma 02630 us;address;0;0;0;0;0;0;42;23;7;7;8;27;10;17;0;0;0;0;0;0;0;0;0;0;0
18037 don place apt. 479 brookline ma 02446 us;address;0;0;0;0;0;0;46;27;9;8;13;24;10;14;0;0;0;0;1;1;0;0;0;0;0
714 carmen course springfield ma 01104 us;address;0;0;0;0;0;0;41;20;6;6;8;27;10;17;0;0;0;0;0;0;0;0;0;0;0
54558 hagenes gardens boston ma 02112 us;address;0;0;0;0;0;0;40;20;6;6;10;24;9;15;0;0;0;0;0;0;0;0;0;0;0
76739 noel cove apt. 133 springfield ma 01199 us;address;0;0;0;0;0;0;48;25;9;8;13;26;10;16;0;0;0;0;1;1;0;0;0;0;0
1277 valentina village suite 927 hanover ma 02339 us;address;0;0;0;0;0;0;52;21;8;8;12;32;15;17;0;0;0;0;0;0;0;0;0;0;0
44767 aron plain suite 104 southbridge town ma 01550 us;address;0;0;0;0;0;0;55;24;9;9;13;33;14;19;0;0;0;0;0;0;0;0;0;0;0
6687 warren mews somerset ma 02726 us;address;0;0;0;0;0;0;37;16;6;6;9;22;8;14;0;0;0;0;0;0;0;0;0;0;0
76854 wiley points newburyport ma 01951 us;address;0;0;0;0;0;0;42;24;6;6;10;26;9;17;0;0;0;0;0;0;0;0;0;0;0
25338 thurman trace apt. 427 barnstable town ma 02630 us;address;0;0;0;0;0;0;56;25;10;9;13;33;11;22;0;0;0;0;1;1;0;0;0;0;0
66421 muller station salem ma 01971 us;address;0;0;0;0;0;0;38;19;6;6;10;22;9;13;0;0;0;0;0;0;0;0;0;0;0
53315 patrick coves apt. 517 boston ma 02131 us;address;0;0;0;0;0;0;47;23;9;8;13;25;9;16;0;0;0;0;1;1;0;0;0;0;0
419 johnston points apt. 819 fitchburg ma 01420 us;address;0;0;0;0;0;0;50;24;9;8;11;30;9;21;0;0;0;0;1;1;0;0;0;0;0
307 nolan circle apt. 204 woburn ma 01813 us;address;0;0;0;0;0;0;44;24;9;8;11;24;9;15;0;0;0;0;1;1;0;0;0;0;0
788 gleichner plaza suite 832 taunton ma 02783 us;address;0;0;0;0;0;0;49;22;8;8;11;30;13;17;0;0;0;0;0;0;0;0;0;0;0
6026 ernie alley melrose ma 02176 us;address;0;0;0;0;0;0;36;17;6;6;9;21;10;11;0;0;0;0;0;0;0;0;0;0;0
744 senger lodge lynn ma 01902 us;address;0;0;0;0;0;0;33;19;6;6;8;19;6;13;0;0;0;0;0;0;0;0;0;0;0
24947 rocio groves suite 653 arlington ma 02474 us;address;0;0;0;0;0;0;50;23;8;8;13;29;13;16;0;0;0;0;0;0;0;0;0;0;0
43672 bergnaum wells apt. 564 bellingham ma 02019 us;address;0;0;0;0;0;0;52;26;9;8;13;30;10;20;0;0;0;0;1;1;0;0;0;0;0
14038 roberta valleys seekonk ma 02771 us;address;0;0;0;0;0;0;41;22;6;6;10;25;10;15;0;0;0;0;0;0;0;0;0;0;0
8528 vada ports maynard ma 01754 us;address;0;0;0;0;0;0;35;20;6;6;9;20;7;13;0;0;0;0;0;0;0;0;0;0;0
2945 hudson turnpike peabody ma 01960 us;address;0;0;0;0;0;0;40;24;6;6;9;25;10;15;0;0;0;0;0;0;0;0;0;0;0
3108 schoen grove apt. 975 leominster ma 01453 us;address;0;0;0;0;0;0;49;26;9;8;12;28;11;17;0;0;0;0;1;1;0;0;0;0;0
44378 daron islands mansfield ma 02048 us;address;0;0;0;0;0;0;41;19;6;6;10;25;9;16;0;0;0;0;0;0;0;0;0;0;0
99118 sauer track plainville ma 02762 us;address;0;0;0;0;0;0;40;22;6;6;10;24;10;14;0;0;0;0;0;0;0;0;0;0;0
97242 maryse ville suite 905 agawam town ma 01001 us;address;0;0;0;0;0;0;52;23;9;9;13;30;13;17;0;0;0;0;0;0;0;0;0;0;0
994 natalia fords marblehead ma 01945 us;address;0;0;0;0;0;0;40;21;6;6;8;26;11;15;0;0;0;0;0;0;0;0;0;0;0
585 abbott ford springfield ma 01115 us;address;0;0;0;0;0;0;39;21;6;6;8;25;8;17;0;0;0;0;0;0;0;0;0;0;0
1892 neva square concord ma 01742 us;address;0;0;0;0;0;0;36;20;6;6;9;21;9;12;0;0;0;0;0;0;0;0;0;0;0
263 carter heights apt. 501 bedford ma 01731 us;address;0;0;0;0;0;0;47;25;9;8;11;27;9;18;0;0;0;0;1;1;0;0;0;0;0
633 landen motorway apt. 130 marblehead ma 01945 us;address;0;0;0;0;0;0;51;25;9;8;11;31;12;19;0;0;0;0;1;1;0;0;0;0;0
222 koelpin canyon apt. 861 norwood ma 02062 us;address;0;0;0;0;0;0;47;24;9;8;11;27;11;16;0;0;0;0;1;1;0;0;0;0;0
708 aiyana junction norwell ma 02061 us;address;0;0;0;0;0;0;39;22;6;6;8;25;11;14;0;0;0;0;0;0;0;0;0;0;0
14268 kaitlin light arlington ma 02476 us;address;0;0;0;0;0;0;41;21;6;6;10;25;9;16;0;0;0;0;0;0;0;0;0;0;0
77538 mollie mills apt. 313 hull ma 02045 us;address;0;0;0;0;0;0;44;21;9;8;13;22;8;14;0;0;0;0;1;1;0;0;0;0;0
5582 crooks cove holbrook ma 02343 us;address;0;0;0;0;0;0;37;20;6;6;9;22;9;13;0;0;0;0;0;0;0;0;0;0;0
3038 jerde union apt. 561 westminster ma 01441 us;address;0;0;0;0;0;0;49;23;9;8;12;28;11;17;0;0;0;0;1;1;0;0;0;0;0
681 beer junction monson ma 01057 us;address;0;0;0;0;0;0;36;20;6;6;8;22;9;13;0;0;0;0;0;0;0;0;0;0;0
8144 genevieve common brockton ma 02304 us;address;0;0;0;0;0;0;42;22;6;6;9;27;11;16;0;0;0;0;0;0;0;0;0;0;0
80398 prosacco parkways leominster ma 01453 us;address;0;0;0;0;0;0;46;24;6;6;10;30;11;19;0;0;0;0;0;0;0;0;0;0;0
30576 taylor rapid springfield ma 01106 us;address;0;0;0;0;0;0;42;23;6;6;10;26;9;17;0;0;0;0;0;0;0;0;0;0;0
828 stuart harbors wellesley ma 02481 us;address;0;0;0;0;0;0;40;19;6;6;8;26;9;17;0;0;0;0;0;0;0;0;0;0;0
866 hilpert flat new bedford ma 02741 us;address;0;0;0;0;0;0;40;25;7;7;8;25;8;17;0;0;0;0;0;0;0;0;0;0;0
210 jamel gardens medfield ma 02052 us;address;0;0;0;0;0;0;38;18;6;6;8;24;9;15;0;0;0;0;0;0;0;0;0;0;0
11883 osinski path apt. 214 boston ma 02196 us;address;0;0;0;0;0;0;46;22;9;8;13;24;9;15;0;0;0;0;1;1;0;0;0;0;0
912 kassulke plain dartmouth ma 02747 us;address;0;0;0;0;0;0;40;22;6;6;8;26;10;16;0;0;0;0;0;0;0;0;0;0;0
394 rice street apt. 644 middleborough ma 02348 us;address;0;0;0;0;0;0;50;25;9;8;11;30;12;18;0;0;0;0;1;1;0;0;0;0;0
28119 adan bridge beverly ma 01915 us;address;0;0;0;0;0;0;37;21;6;6;10;21;8;13;0;0;0;0;0;0;0;0;0;0;0
382 onie tunnel lowell ma 01850 us;address;0;0;0;0;0;0;34;18;6;6;8;20;9;11;0;0;0;0;0;0;0;0;0;0;0
436 brandy walks adams ma 01220 us;address;0;0;0;0;0;0;34;19;6;6;8;20;6;14;0;0;0;0;0;0;0;0;0;0;0
778 torrey coves deerfield ma 01342 us;address;0;0;0;0;0;0;38;23;6;6;8;24;10;14;0;0;0;0;0;0;0;0;0;0;0
58195 ellen underpass attleboro ma 02703 us;address;0;0;0;0;0;0;43;22;6;6;10;27;11;16;0;0;0;0;0;0;0;0;0;0;0
13252 delphia harbor apt. 520 franklin town ma 02038 us;address;0;0;0;0;0;0;55;26;10;9;13;32;11;21;0;0;0;0;1;1;0;0;0;0;0
598 moore union apt. 283 northbridge ma 01534 us;address;0;0;0;0;0;0;48;25;9;8;11;28;12;16;0;0;0;0;1;1;0;0;0;0;0
34223 bernice islands apt. 330 carver ma 02330 us;address;0;0;0;0;0;0;49;21;9;8;13;27;10;17;0;0;0;0;1;1;0;0;0;0;0
93022 kshlerin rue apt. 980 west brookfield ma 01585 us;address;0;0;0;0;0;0;55;27;10;9;13;32;12;20;0;0;0;0;1;1;0;0;0;0;0
952 yost hills medford ma 02153 us;address;0;0;0;0;0;0;34;21;6;6;8;20;6;14;0;0;0;0;0;0;0;0;0;0;0
46708 feeney lodge suite 656 westborough ma 01581 us;address;0;0;0;0;0;0;52;26;8;8;13;31;14;17;0;0;0;0;0;0;0;0;0;0;0
7652 georgiana well bridgewater ma 02325 us;address;0;0;0;0;0;0;43;22;6;6;9;28;12;16;0;0;0;0;0;0;0;0;0;0;0
1188 gage tunnel suite 586 hingham ma 02043 us;address;0;0;0;0;0;0;46;20;8;8;12;26;11;15;0;0;0;0;0;0;0;0;0;0;0
314 stokes grove cambridge ma 02138 us;address;0;0;0;0;0;0;38;22;6;6;8;24;9;15;0;0;0;0;0;0;0;0;0;0;0
5956 torphy mountains apt. 729 dartmouth ma 02714 us;address;0;0;0;0;0;0;52;23;9;8;12;31;11;20;0;0;0;0;1;1;0;0;0;0;0
164 kyra trail suite 516 falmouth ma 02543 us;address;0;0;0;0;0;0;45;22;8;8;11;26;11;15;0;0;0;0;0;0;0;0;0;0;0
1362 ike flat brewster ma 02631 us;address;0;0;0;0;0;0;34;19;6;6;9;19;7;12;0;0;0;0;0;0;0;0;0;0;0
960 mcdermott mills suite 801 williamstown ma 01267 us;address;0;0;0;0;0;0;54;22;8;8;11;35;12;23;0;0;0;0;0;0;0;0;0;0;0
528 medhurst ways blackstone ma 01504 us;address;0;0;0;0;0;0;40;24;6;6;8;26;8;18;0;0;0;0;0;0;0;0;0;0;0
111 vandervort roads boston ma 02129 us;address;0;0;0;0;0;0;39;17;6;6;8;25;9;16;0;0;0;0;0;0;0;0;0;0;0
3033 padberg ports charlton ma 01507 us;address;0;0;0;0;0;0;39;22;6;6;9;24;7;17;0;0;0;0;0;0;0;0;0;0;0
98137 skyla gateway suite 129 plymouth ma 02360 us;address;0;0;0;0;0;0;50;24;8;8;13;29;11;18;0;0;0;0;0;0;0;0;0;0;0
729 heathcote fall rowley ma 01969 us;address;0;0;0;0;0;0;37;21;6;6;8;23;9;14;0;0;0;0;0;0;0;0;0;0;0
9090 lindsay centers dedham ma 02027 us;address;0;0;0;0;0;0;39;19;6;6;9;24;8;16;0;0;0;0;0;0;0;0;0;0;0
9673 zoila crossing greenfield town ma 01301 us;address;0;0;0;0;0;0;47;24;7;7;9;31;12;19;0;0;0;0;0;0;0;0;0;0;0
541 leslie knolls lowell ma 01853 us;address;0;0;0;0;0;0;36;18;6;6;8;22;8;14;0;0;0;0;0;0;0;0;0;0;0
4237 dach ferry holland ma 01521 us;address;0;0;0;0;0;0;35;22;6;6;9;20;6;14;0;0;0;0;0;0;0;0;0;0;0
4636 jast keys westhampton ma 01027 us;address;0;0;0;0;0;0;38;22;6;6;9;23;7;16;0;0;0;0;0;0;0;0;0;0;0
36643 hermann place agawam town ma 01001 us;address;0;0;0;0;0;0;43;21;7;7;10;26;10;16;0;0;0;0;0;0;0;0;0;0;0
3455 runolfsdottir village apt. 361 boston ma 02204 us;address;0;0;0;0;0;0;54;26;9;8;12;33;12;21;0;0;0;0;1;1;0;0;0;0;0
273 gislason lane suite 594 brookline ma 02447 us;address;0;0;0;0;0;0;49;22;8;8;11;30;14;16;0;0;0;0;0;0;0;0;0;0;0
5946 corkery branch greenfield town ma 01302 us;address;0;0;0;0;0;0;47;29;7;7;9;31;10;21;0;0;0;0;0;0;0;0;0;0;0
360 hessel street suite 364 tewksbury ma 01876 us;address;0;0;0;0;0;0;49;22;8;8;11;30;11;19;0;0;0;0;0;0;0;0;0;0;0
52745 braun glen fall river ma 02722 us;address;0;0;0;0;0;0;39;19;7;7;10;22;8;14;0;0;0;0;0;0;0;0;0;0;0
2070 rhianna street weymouth town ma 02190 us;address;0;0;0;0;0;0;45;19;7;7;9;29;11;18;0;0;0;0;0;0;0;0;0;0;0
82647 etha well attleboro ma 02703 us;address;0;0;0;0;0;0;37;20;6;6;10;21;9;12;0;0;0;0;0;0;0;0;0;0;0
53523 prosacco camp apt. 213 blackstone ma 01504 us;address;0;0;0;0;0;0;51;22;9;8;13;29;10;19;0;0;0;0;1;1;0;0;0;0;0
59281 yazmin pass wellesley ma 02481 us;address;0;0;0;0;0;0;39;20;6;6;10;23;8;15;0;0;0;0;0;0;0;0;0;0;0
4089 stamm drive townsend ma 01469 us;address;0;0;0;0;0;0;37;20;6;6;9;22;7;15;0;0;0;0;0;0;0;0;0;0;0
736 fern gardens franklin town ma 02038 us;address;0;0;0;0;0;0;42;23;7;7;8;27;8;19;0;0;0;0;0;0;0;0;0;0;0
538 russel squares brockton ma 02302 us;address;0;0;0;0;0;0;39;20;6;6;8;25;9;16;0;0;0;0;0;0;0;0;0;0;0
801 brody union cambridge ma 02139 us;address;0;0;0;0;0;0;37;21;6;6;8;23;9;14;0;0;0;0;0;0;0;0;0;0;0
308 kunde path suite 294 easthampton town ma 01027 us;address;0;0;0;0;0;0;53;23;9;9;11;33;13;20;0;0;0;0;0;0;0;0;0;0;0
443 baumbach course springfield ma 01129 us;address;0;0;0;0;0;0;43;24;6;6;8;29;11;18;0;0;0;0;0;0;0;0;0;0;0
26254 misty key apt. 681 chelsea ma 02150 us;address;0;0;0;0;0;0;44;22;9;8;13;22;8;14;0;0;0;0;1;1;0;0;0;0;0
76156 laisha stream winchester ma 01890 us;address;0;0;0;0;0;0;42;21;6;6;10;26;10;16;0;0;0;0;0;0;0;0;0;0;0
291 markus heights apt. 954 worcester ma 01605 us;address;0;0;0;0;0;0;49;24;9;8;11;29;10;19;0;0;0;0;1;1;0;0;0;0;0
28344 feil ramp taunton ma 02783 us;address;0;0;0;0;0;0;35;20;6;6;10;19;8;11;0;0;0;0;0;0;0;0;0;0;0
94083 casandra curve boston ma 02126 us;address;0;0;0;0;0;0;39;22;6;6;10;23;9;14;0;0;0;0;0;0;0;0;0;0;0
560 adams villages new bedford ma 02741 us;address;0;0;0;0;0;0;42;24;7;7;8;27;10;17;0;0;0;0;0;0;0;0;0;0;0
609 haag radial taunton ma 02783 us;address;0;0;0;0;0;0;35;21;6;6;8;21;10;11;0;0;0;0;0;0;0;0;0;0;0
602 kovacek course suite 879 bourne ma 02532 us;address;0;0;0;0;0;0;47;23;8;8;11;28;14;14;0;0;0;0;0;0;0;0;0;0;0
458 stokes field suite 626 northfield ma 01360 us;address;0;0;0;0;0;0;49;24;8;8;11;30;12;18;0;0;0;0;0;0;0;0;0;0;0
288 moore dale saugus ma 01906 us;address;0;0;0;0;0;0;33;17;6;6;8;19;10;9;0;0;0;0;0;0;0;0;0;0;0
639 herzog crest billerica ma 01822 us;address;0;0;0;0;0;0;38;23;6;6;8;24;9;15;0;0;0;0;0;0;0;0;0;0;0
128 bins estate suite 318 walpole ma 02081 us;address;0;0;0;0;0;0;45;19;8;8;11;26;12;14;0;0;0;0;0;0;0;0;0;0;0
6125 walter trail suite 658 concord ma 01742 us;address;0;0;0;0;0;0;47;23;8;8;12;27;11;16;0;0;0;0;0;0;0;0;0;0;0
76566 carmel light boston ma 02109 us;address;0;0;0;0;0;0;37;23;6;6;10;21;7;14;0;0;0;0;0;0;0;0;0;0;0
649 davis mall beverly ma 01915 us;address;0;0;0;0;0;0;34;19;6;6;8;20;7;13;0;0;0;0;0;0;0;0;0;0;0
77342 feest lock boston ma 02163 us;address;0;0;0;0;0;0;35;21;6;6;10;19;7;12;0;0;0;0;0;0;0;0;0;0;0
221 schimmel rapid suite 633 longmeadow ma 01116 us;address;0;0;0;0;0;0;51;23;8;8;11;32;13;19;0;0;0;0;0;0;0;0;0;0;0
77187 herzog knoll boston ma 02241 us;address;0;0;0;0;0;0;37;22;6;6;10;21;7;14;0;0;0;0;0;0;0;0;0;0;0
8386 okuneva glens suite 887 new bedford ma 02746 us;address;0;0;0;0;0;0;52;26;9;9;12;31;13;18;0;0;0;0;0;0;0;0;0;0;0
72433 leffler village apt. 423 natick ma 01760 us;address;0;0;0;0;0;0;49;25;9;8;13;27;10;17;0;0;0;0;1;1;0;0;0;0;0
378 pearlie pines wilbraham ma 01095 us;address;0;0;0;0;0;0;39;21;6;6;8;25;11;14;0;0;0;0;0;0;0;0;0;0;0
4845 okuneva ports lowell ma 01850 us;address;0;0;0;0;0;0;37;20;6;6;9;22;9;13;0;0;0;0;0;0;0;0;0;0;0
959 kunde square suite 733 framingham ma 01705 us;address;0;0;0;0;0;0;49;22;8;8;11;30;13;17;0;0;0;0;0;0;0;0;0;0;0
223 zieme forge malden ma 02148 us;address;0;0;0;0;0;0;34;21;6;6;8;20;9;11;0;0;0;0;0;0;0;0;0;0;0
8990 shawn harbor apt. 291 new bedford ma 02741 us;address;0;0;0;0;0;0;50;24;10;9;12;28;9;19;0;0;0;0;1;1;0;0;0;0;0
23345 vonrueden vista apt. 640 hanson ma 02341 us;address;0;0;0;0;0;0;49;23;9;8;13;27;11;16;0;0;0;0;1;1;0;0;0;0;0
20711 rollin view taunton ma 02780 us;address;0;0;0;0;0;0;37;19;6;6;10;21;9;12;0;0;0;0;0;0;0;0;0;0;0
2868 lila point quincy ma 02169 us;address;0;0;0;0;0;0;34;20;6;6;9;19;8;11;0;0;0;0;0;0;0;0;0;0;0
484 pacocha fords apt. 442 hudson ma 01749 us;address;0;0;0;0;0;0;45;22;9;8;11;25;9;16;0;0;0;0;1;1;0;0;0;0;0
36244 cole cliffs lowell ma 01851 us;address;0;0;0;0;0;0;36;20;6;6;10;20;7;13;0;0;0;0;0;0;0;0;0;0;0
4864 danyka ramp suite 885 salem ma 01970 us;address;0;0;0;0;0;0;44;23;8;8;12;24;10;14;0;0;0;0;0;0;0;0;0;0;0
81778 gerardo dale apt. 158 sheffield ma 01257 us;address;0;0;0;0;0;0;49;23;9;8;13;27;11;16;0;0;0;0;1;1;0;0;0;0;0
67200 pattie terrace apt. 254 north andover ma 01845 us;address;0;0;0;0;0;0;55;25;10;9;13;32;13;19;0;0;0;0;1;1;0;0;0;0;0
764 wyman street apt. 608 groton ma 01470 us;address;0;0;0;0;0;0;44;21;9;8;11;24;8;16;0;0;0;0;1;1;0;0;0;0;0
3038 bethel well mashpee ma 02649 us;address;0;0;0;0;0;0;36;19;6;6;9;21;8;13;0;0;0;0;0;0;0;0;0;0;0
19200 audreanne terrace apt. 816 canton ma 02021 us;address;0;0;0;0;0;0;51;20;9;8;13;29;13;16;0;0;0;0;1;1;0;0;0;0;0
4220 jadyn parkways boston ma 02210 us;address;0;0;0;0;0;0;38;20;6;6;9;23;7;16;0;0;0;0;0;0;0;0;0;0;0
27038 stiedemann shoals apt. 771 newton ma 02495 us;address;0;0;0;0;0;0;51;25;9;8;13;29;11;18;0;0;0;0;1;1;0;0;0;0;0
697 dawn pines boston ma 02130 us;address;0;0;0;0;0;0;33;21;6;6;8;19;7;12;0;0;0;0;0;0;0;0;0;0;0
88375 stroman wall worcester ma 01602 us;address;0;0;0;0;0;0;40;21;6;6;10;24;8;16;0;0;0;0;0;0;0;0;0;0;0
1807 rodriguez mall apt. 469 lowell ma 01852 us;address;0;0;0;0;0;0;47;26;9;8;12;26;10;16;0;0;0;0;1;1;0;0;0;0;0
47952 lola knolls halifax ma 02338 us;address;0;0;0;0;0;0;37;21;6;6;10;21;8;13;0;0;0;0;0;0;0;0;0;0;1
27046 rosie valleys suite 901 milton ma 02186 us;address;0;0;0;0;0;0;48;22;8;8;13;27;12;15;0;0;0;0;0;0;0;0;0;0;0
91183 crist mountain boston ma 02206 us;address;0;0;0;0;0;0;39;19;6;6;10;23;9;14;0;0;0;0;0;0;0;0;0;0;0
9359 danny lane apt. 250 ipswich ma 01938 us;address;0;0;0;0;0;0;44;24;9;8;12;23;8;15;0;0;0;0;1;1;0;0;0;0;0
619 maggio summit palmer town ma 01069 us;address;0;0;0;0;0;0;41;19;7;7;8;26;10;16;0;0;0;0;0;0;0;0;0;0;0
2549 emmerich drive apt. 307 boston ma 02110 us;address;0;0;0;0;0;0;47;26;9;8;12;26;10;16;0;0;0;0;1;1;0;0;0;0;0
80271 archibald fort swampscott ma 01907 us;address;0;0;0;0;0;0;43;23;6;6;10;27;8;19;0;0;0;0;0;0;0;0;0;0;0
271 beatty wells swampscott ma 01907 us;address;0;0;0;0;0;0;39;19;6;6;8;25;7;18;0;0;0;0;0;0;0;0;0;0;0
647 mitchell avenue suite 260 quincy ma 02170 us;address;0;0;0;0;0;0;48;21;8;8;11;29;13;16;0;0;0;0;0;0;0;0;0;0;0
768 cleta fords fall river ma 02722 us;address;0;0;0;0;0;0;38;20;7;7;8;23;8;15;0;0;0;0;0;0;0;0;0;0;0
7636 delphia loop fall river ma 02723 us;address;0;0;0;0;0;0;40;20;7;7;9;24;10;14;0;0;0;0;0;0;0;0;0;0;0
12585 elmo street suite 381 worcester ma 01605 us;address;0;0;0;0;0;0;49;20;8;8;13;28;12;16;0;0;0;0;0;0;0;0;0;0;0
4076 lorena ports south hadley ma 01075 us;address;0;0;0;0;0;0;42;21;7;7;9;26;10;16;0;0;0;0;0;0;0;0;0;0;0
41245 labadie mount apt. 612 attleboro ma 02703 us;address;0;0;0;0;0;0;50;24;9;8;13;28;13;15;0;0;0;0;1;1;0;0;0;0;0
3094 runolfsson terrace longmeadow ma 01116 us;address;0;0;0;0;0;0;46;22;6;6;9;31;12;19;0;0;0;0;0;0;0;0;0;0;0
7544 frami mews boston ma 02297 us;address;0;0;0;0;0;0;34;20;6;6;9;19;7;12;0;0;0;0;0;0;0;0;0;0;0
27273 homenick neck westford ma 01886 us;address;0;0;0;0;0;0;40;24;6;6;10;24;8;16;0;0;0;0;0;0;0;0;0;0;0
8349 wava inlet salem ma 01970 us;address;0;0;0;0;0;0;33;19;6;6;9;18;8;10;0;0;0;0;0;0;0;0;0;0;0
479 crona trail hardwick ma 01037 us;address;0;0;0;0;0;0;36;22;6;6;8;22;8;14;0;0;0;0;0;0;0;0;0;0;0
234 geo islands bellingham ma 02019 us;address;0;0;0;0;0;0;38;20;6;6;8;24;9;15;0;0;0;0;0;0;0;0;0;0;0
7829 hauck corner apt. 294 leicester ma 01524 us;address;0;0;0;0;0;0;48;25;9;8;12;27;11;16;0;0;0;0;1;1;0;0;0;0;0
71041 littel fields suite 470 groveland ma 01834 us;address;0;0;0;0;0;0;51;22;8;8;13;30;12;18;0;0;0;0;0;0;0;0;0;0;0
179 sydni roads taunton ma 02780 us;address;0;0;0;0;0;0;35;18;6;6;8;21;8;13;0;0;0;0;0;0;0;0;0;0;0
93113 eva branch suite 112 falmouth ma 02543 us;address;0;0;0;0;0;0;47;24;8;8;13;26;11;15;0;0;0;0;0;0;0;0;0;0;0
79577 damaris unions apt. 675 boston ma 02163 us;address;0;0;0;0;0;0;48;22;9;8;13;26;11;15;0;0;0;0;1;1;0;0;0;0;0
96435 lera stravenue apt. 300 boston ma 02115 us;address;0;0;0;0;0;0;48;23;9;8;13;26;11;15;0;0;0;0;1;1;0;0;0;0;0
206 brekke rue billerica ma 01821 us;address;0;0;0;0;0;0;36;17;6;6;8;22;10;12;0;0;0;0;0;0;0;0;0;0;0
24439 lon centers apt. 398 malden ma 02148 us;address;0;0;0;0;0;0;45;22;9;8;13;23;8;15;0;0;0;0;1;1;0;0;0;0;0
7068 bogan village springfield ma 01128 us;address;0;0;0;0;0;0;42;23;6;6;9;27;10;17;0;0;0;0;0;0;0;0;0;0;0
2604 fisher ranch suite 963 methuen town ma 01844 us;address;0;0;0;0;0;0;52;23;9;9;12;31;12;19;0;0;0;0;0;0;0;0;0;0;0
90534 cornelius glens suite 453 somerset ma 02725 us;address;0;0;0;0;0;0;52;21;8;8;13;31;13;18;0;0;0;0;0;0;0;0;0;0;0
548 yvette manors milford ma 01757 us;address;0;0;0;0;0;0;37;22;6;6;8;23;8;15;0;0;0;0;0;0;0;0;0;0;0
183 sarai manor apt. 956 boston ma 02130 us;address;0;0;0;0;0;0;43;21;9;8;11;23;10;13;0;0;0;0;1;1;0;0;0;0;0
8587 thompson expressway north reading ma 01864 us;address;0;0;0;0;0;0;50;25;7;7;9;34;11;23;0;0;0;0;0;0;0;0;0;0;1
88774 howell harbor salem ma 01970 us;address;0;0;0;0;0;0;37;18;6;6;10;21;8;13;0;0;0;0;0;0;0;0;0;0;0
2737 roob circles suite 533 worcester ma 01602 us;address;0;0;0;0;0;0;49;21;8;8;12;29;12;17;0;0;0;0;0;0;0;0;0;0;0
614 fritsch rue tyngsborough ma 01879 us;address;0;0;0;0;0;0;40;24;6;6;8;26;8;18;0;0;0;0;0;0;0;0;0;0;0
89175 crona road cambridge ma 02140 us;address;0;0;0;0;0;0;38;22;6;6;10;22;9;13;0;0;0;0;0;0;0;0;0;0;0
4372 durgan keys watertown town ma 02471 us;address;0;0;0;0;0;0;43;21;7;7;9;27;9;18;0;0;0;0;0;0;0;0;0;0;0
285 murray river suite 529 brockton ma 02302 us;address;0;0;0;0;0;0;47;22;8;8;11;28;11;17;0;0;0;0;0;0;0;0;0;0;0
41078 clementine track lowell ma 01854 us;address;0;0;0;0;0;0;41;21;6;6;10;25;9;16;0;0;0;0;0;0;0;0;0;0;0
1819 luis trail dudley ma 01571 us;address;0;0;0;0;0;0;34;18;6;6;9;19;8;11;0;0;0;0;0;0;0;0;0;0;0
5745 hardy mall amherst ma 01003 us;address;0;0;0;0;0;0;35;18;6;6;9;20;6;14;0;0;0;0;0;0;0;0;0;0;0
535 king roads weston ma 02493 us;address;0;0;0;0;0;0;33;21;6;6;8;19;7;12;0;0;0;0;0;0;0;0;0;0;0
852 brown highway suite 908 boston ma 02137 us;address;0;0;0;0;0;0;46;24;8;8;11;27;10;17;0;0;0;0;0;0;0;0;0;0;0
4368 antone fords suite 737 mansfield ma 02048 us;address;0;0;0;0;0;0;49;21;8;8;12;29;12;17;0;0;0;0;0;0;0;0;0;0;0
735 gordon way pittsfield ma 01202 us;address;0;0;0;0;0;0;37;24;6;6;8;23;8;15;0;0;0;0;0;0;0;0;0;0;0
8334 lang ville apt. 465 leominster ma 01453 us;address;0;0;0;0;0;0;47;23;9;8;12;26;10;16;0;0;0;0;1;1;0;0;0;0;0
8862 carrie tunnel apt. 273 chelmsford ma 01824 us;address;0;0;0;0;0;0;50;26;9;8;12;29;10;19;0;0;0;0;1;1;0;0;0;0;0
43910 kunze loaf charlton ma 01507 us;address;0;0;0;0;0;0;37;23;6;6;10;21;8;13;0;0;0;0;0;0;0;0;0;0;0
66391 jaylon creek apt. 343 boston ma 02136 us;address;0;0;0;0;0;0;46;25;9;8;13;24;9;15;0;0;0;0;1;1;0;0;0;0;0
21009 catharine gateway suite 930 boston ma 02283 us;address;0;0;0;0;0;0;52;23;8;8;13;31;14;17;0;0;0;0;0;0;0;0;0;0;0
5361 harris way new bedford ma 02744 us;address;0;0;0;0;0;0;39;24;7;7;9;23;8;15;0;0;0;0;0;0;0;0;0;0;0
14393 pollich falls cambridge ma 02163 us;address;0;0;0;0;0;0;41;24;6;6;10;25;8;17;0;0;0;0;0;0;0;0;0;0;0
24872 witting falls apt. 470 winchester ma 01890 us;address;0;0;0;0;0;0;51;25;9;8;13;29;9;20;0;0;0;0;1;1;0;0;0;0;0
8518 anthony fort boston ma 02130 us;address;0;0;0;0;0;0;36;19;6;6;9;21;7;14;0;0;0;0;0;0;0;0;0;0;0
236 rowe harbor suite 837 newton ma 02466 us;address;0;0;0;0;0;0;44;21;8;8;11;25;11;14;0;0;0;0;0;0;0;0;0;0;0
62044 o'keefe crossing boston ma 02128 us;address;0;0;0;0;0;0;41;23;7;6;10;24;10;14;0;0;0;0;0;0;0;0;0;0;0
2312 swaniawski port newton ma 02466 us;address;0;0;0;0;0;0;39;20;6;6;9;24;9;15;0;0;0;0;0;0;0;0;0;0;0
268 trudie shoal apt. 639 fall river ma 02723 us;address;0;0;0;0;0;0;48;24;10;9;11;27;11;16;0;0;0;0;1;1;0;0;0;0;0
22175 wolf islands leominster ma 01453 us;address;0;0;0;0;0;0;41;22;6;6;10;25;9;16;0;0;0;0;0;0;0;0;0;0;0
87074 koss valleys grafton ma 01519 us;address;0;0;0;0;0;0;38;23;6;6;10;22;7;15;0;0;0;0;0;0;0;0;0;0;0
5432 grady glen canton ma 02021 us;address;0;0;0;0;0;0;34;21;6;6;9;19;6;13;0;0;0;0;0;0;0;0;0;0;0
829 bernier avenue stoneham ma 02180 us;address;0;0;0;0;0;0;39;19;6;6;8;25;12;13;0;0;0;0;0;0;0;0;0;0;0
8474 toni lodge apt. 669 walpole ma 02081 us;address;0;0;0;0;0;0;44;24;9;8;12;23;10;13;0;0;0;0;1;1;0;0;0;0;0
949 norberto cliff suite 186 framingham ma 01702 us;address;0;0;0;0;0;0;51;25;8;8;11;32;12;20;0;0;0;0;0;0;0;0;0;0;0
940 abigail forks chicopee ma 01013 us;address;0;0;0;0;0;0;38;22;6;6;8;24;11;13;0;0;0;0;0;0;0;0;0;0;0
4878 miracle springs westfield ma 01086 us;address;0;0;0;0;0;0;42;23;6;6;9;27;9;18;0;0;0;0;0;0;0;0;0;0;0
90696 warren roads apt. 457 pelham ma 01002 us;address;0;0;0;0;0;0;46;24;9;8;13;24;9;15;0;0;0;0;1;1;0;0;0;0;0
1620 schumm place taunton ma 02783 us;address;0;0;0;0;0;0;37;20;6;6;9;22;8;14;0;0;0;0;0;0;0;0;0;0;0
68735 botsford fords swansea ma 02777 us;address;0;0;0;0;0;0;40;21;6;6;10;24;8;16;0;0;0;0;0;0;0;0;0;0;0
597 hassie square apt. 929 boston ma 02122 us;address;0;0;0;0;0;0;45;22;9;8;11;25;11;14;0;0;0;0;1;1;0;0;0;0;0
9080 cyrus isle suite 426 randolph ma 02368 us;address;0;0;0;0;0;0;46;24;8;8;12;26;10;16;0;0;0;0;0;0;0;0;0;0;0
14743 janelle drive suite 585 boston ma 02113 us;address;0;0;0;0;0;0;48;24;8;8;13;27;12;15;0;0;0;0;0;0;0;0;0;0;0
8675 dean cliffs apt. 344 ludlow ma 01056 us;address;0;0;0;0;0;0;44;25;9;8;12;23;8;15;0;0;0;0;1;1;0;0;0;0;0
5926 kshlerin ridges suite 674 lynn ma 01901 us;address;0;0;0;0;0;0;47;24;8;8;12;27;9;18;0;0;0;0;0;0;0;0;0;0;0
9426 dedric lake framingham ma 01705 us;address;0;0;0;0;0;0;39;24;6;6;9;24;9;15;0;0;0;0;0;0;0;0;0;0;0
134 stiedemann pass apt. 391 holden ma 01520 us;address;0;0;0;0;0;0;47;22;9;8;11;27;10;17;0;0;0;0;1;1;0;0;0;0;0
91631 rowe road apt. 440 marblehead ma 01945 us;address;0;0;0;0;0;0;47;23;9;8;13;25;11;14;0;0;0;0;1;1;0;0;0;0;0
8732 shields villages suite 800 holyoke ma 01041 us;address;0;0;0;0;0;0;51;23;8;8;12;31;13;18;0;0;0;0;0;0;0;0;0;0;0
948 nolan divide hamilton ma 01936 us;address;0;0;0;0;0;0;37;21;6;6;8;23;10;13;0;0;0;0;0;0;0;0;0;0;0
3614 botsford parkways somerset ma 02725 us;address;0;0;0;0;0;0;43;24;6;6;9;28;9;19;0;0;0;0;0;0;0;0;0;0;0
23025 jakubowski plain suite 986 holden ma 01520 us;address;0;0;0;0;0;0;51;26;8;8;13;30;13;17;0;0;0;0;0;0;0;0;0;0;0
37195 goldner ford brockton ma 02305 us;address;0;0;0;0;0;0;39;24;6;6;10;23;7;16;0;0;0;0;0;0;0;0;0;0;0
66481 jana streets suite 282 new bedford ma 02744 us;address;0;0;0;0;0;0;52;23;9;9;13;30;12;18;0;0;0;0;0;0;0;0;0;0;0
7076 bartholome brooks apt. 949 somerville ma 02145 us;address;0;0;0;0;0;0;54;25;9;8;12;33;13;20;0;0;0;0;1;1;0;0;0;0;0
347 jasen ports pittsfield ma 01203 us;address;0;0;0;0;0;0;38;22;6;6;8;24;8;16;0;0;0;0;0;0;0;0;0;0;0
78568 jacobson tunnel hanson ma 02341 us;address;0;0;0;0;0;0;40;23;6;6;10;24;9;15;0;0;0;0;0;0;0;0;0;0;0
859 emard pines easthampton town ma 01027 us;address;0;0;0;0;0;0;44;22;7;7;8;29;11;18;0;0;0;0;0;0;0;0;0;0;0
8258 miles ford apt. 857 bedford ma 01731 us;address;0;0;0;0;0;0;44;23;9;8;12;23;8;15;0;0;0;0;1;1;0;0;0;0;0
281 runolfsdottir rue ipswich ma 01938 us;address;0;0;0;0;0;0;41;24;6;6;8;27;10;17;0;0;0;0;0;0;0;0;0;0;0
935 feil cove worcester ma 01614 us;address;0;0;0;0;0;0;35;22;6;6;8;21;9;12;0;0;0;0;0;0;0;0;0;0;0
23754 jarrell flat apt. 530 waltham ma 02454 us;address;0;0;0;0;0;0;47;21;9;8;13;25;8;17;0;0;0;0;1;1;0;0;0;0;0
564 swift vista suite 217 shirley ma 01464 us;address;0;0;0;0;0;0;45;22;8;8;11;26;10;16;0;0;0;0;0;0;0;0;0;0;0
1825 padberg villages apt. 100 weymouth town ma 02189 us;address;0;0;0;0;0;0;56;27;10;9;12;34;12;22;0;0;0;0;1;1;0;0;0;0;0
633 monahan avenue suite 239 haverhill ma 01830 us;address;0;0;0;0;0;0;50;21;8;8;11;31;15;16;0;0;0;0;0;0;0;0;0;0;0
765 gia ranch swampscott ma 01907 us;address;0;0;0;0;0;0;36;21;6;6;8;22;7;15;0;0;0;0;0;0;0;0;0;0;0
4954 giovani fields medford ma 02156 us;address;0;0;0;0;0;0;39;22;6;6;9;24;10;14;0;0;0;0;0;0;0;0;0;0;0
387 murphy valleys apt. 290 wellesley ma 02481 us;address;0;0;0;0;0;0;49;23;9;8;11;29;9;20;0;0;0;0;1;1;0;0;0;0;0
6193 doris drive methuen town ma 01844 us;address;0;0;0;0;0;0;41;22;7;7;9;25;10;15;0;0;0;0;0;0;0;0;0;0;0
91772 reinger shores suite 108 braintree town ma 02185 us;address;0;0;0;0;0;0;57;22;9;9;13;35;15;20;0;0;0;0;0;0;0;0;0;0;0
7672 gloria alley lowell ma 01853 us;address;0;0;0;0;0;0;36;21;6;6;9;21;9;12;0;0;0;0;0;0;0;0;0;0;0
7625 cordia station medford ma 02156 us;address;0;0;0;0;0;0;39;20;6;6;9;24;10;14;0;0;0;0;0;0;0;0;0;0;0
547 warren rest suite 120 plymouth ma 02362 us;address;0;0;0;0;0;0;46;24;8;8;11;27;10;17;0;0;0;0;0;0;0;0;0;0;0
418 madie parks framingham ma 01703 us;address;0;0;0;0;0;0;38;21;6;6;8;24;9;15;0;0;0;0;0;0;0;0;0;0;0
94835 frami trace somerville ma 02143 us;address;0;0;0;0;0;0;40;22;6;6;10;24;10;14;0;0;0;0;0;0;0;0;0;0;0
73930 fae gateway methuen town ma 01844 us;address;0;0;0;0;0;0;42;21;7;7;10;25;11;14;0;0;0;0;0;0;0;0;0;0;0
513 schultz canyon suite 348 boston ma 02122 us;address;0;0;0;0;0;0;47;23;8;8;11;28;10;18;0;0;0;0;0;0;0;0;0;0;0
240 rogahn park suite 978 weymouth town ma 02189 us;address;0;0;0;0;0;0;51;24;9;9;11;31;12;19;0;0;0;0;0;0;0;0;0;0;0
19494 zula ford boston ma 02127 us;address;0;0;0;0;0;0;34;20;6;6;10;18;7;11;0;0;0;0;0;0;0;0;0;0;0
4152 schuster light suite 747 pembroke ma 02359 us;address;0;0;0;0;0;0;50;25;8;8;12;30;11;19;0;0;0;0;0;0;0;0;0;0;0
8244 brycen hills suite 521 boston ma 02297 us;address;0;0;0;0;0;0;46;24;8;8;12;26;9;17;0;0;0;0;0;0;0;0;0;0;0
142 reichel gardens cambridge ma 02238 us;address;0;0;0;0;0;0;41;21;6;6;8;27;10;17;0;0;0;0;0;0;0;0;0;0;0
92297 raynor ridge quincy ma 02170 us;address;0;0;0;0;0;0;37;20;6;6;10;21;8;13;0;0;0;0;0;0;0;0;0;0;0
662 angelo harbor suite 723 yarmouth ma 02675 us;address;0;0;0;0;0;0;48;22;8;8;11;29;13;16;0;0;0;0;0;0;0;0;0;0;0
60719 alvina vista suite 274 eastham ma 02642 us;address;0;0;0;0;0;0;48;19;8;8;13;27;13;14;0;0;0;0;0;0;0;0;0;0;0
4132 mason cliff winthrop town ma 02152 us;address;0;0;0;0;0;0;42;22;7;7;9;26;8;18;0;0;0;0;0;0;0;0;0;0;0
647 imogene street bellingham ma 02019 us;address;0;0;0;0;0;0;41;22;6;6;8;27;11;16;0;0;0;0;0;0;0;0;0;0;0
199 jaylen spur suite 892 boston ma 02112 us;address;0;0;0;0;0;0;44;21;8;8;11;25;10;15;0;0;0;0;0;0;0;0;0;0;0
7088 kuvalis island apt. 781 methuen town ma 01844 us;address;0;0;0;0;0;0;53;23;10;9;12;31;12;19;0;0;0;0;1;1;0;0;0;0;0
518 ward island wrentham ma 02093 us;address;0;0;0;0;0;0;36;21;6;6;8;22;7;15;0;0;0;0;0;0;0;0;0;0;0
64893 oscar port apt. 393 fall river ma 02721 us;address;0;0;0;0;0;0;48;25;10;9;13;25;9;16;0;0;0;0;1;1;0;0;0;0;0
942 chesley keys west springfield town ma 01090 us;address;0;0;0;0;0;0;50;26;8;8;8;34;10;24;0;0;0;0;0;0;0;0;0;0;0
788 schneider fords framingham ma 01704 us;address;0;0;0;0;0;0;42;20;6;6;8;28;9;19;0;0;0;0;0;0;0;0;0;0;0
6444 o'connell grove apt. 544 attleboro ma 02703 us;address;0;0;0;0;0;0;51;25;10;8;12;29;12;17;0;0;0;0;1;1;0;0;0;0;0
54363 alysa unions apt. 964 hanson ma 02341 us;address;0;0;0;0;0;0;46;22;9;8;13;24;10;14;0;0;0;0;1;1;0;0;0;0;0
88083 paxton squares apt. 128 boston ma 02128 us;address;0;0;0;0;0;0;48;20;9;8;13;26;10;16;0;0;0;0;1;1;0;0;0;0;1
48643 jordy street apt. 685 north attleborough ma 02761 us;address;0;0;0;0;0;0;58;28;10;9;13;35;12;23;0;0;0;0;1;1;0;0;0;0;0
186 zieme port apt. 243 west springfield town ma 01089 us;address;0;0;0;0;0;0;57;27;11;10;11;35;12;23;0;0;0;0;1;1;0;0;0;0;0
938 america dale suite 524 reading ma 01867 us;address;0;0;0;0;0;0;46;24;8;8;11;27;14;13;0;0;0;0;0;0;0;0;0;0;0
56889 nella rapid easton ma 02334 us;address;0;0;0;0;0;0;36;22;6;6;10;20;9;11;0;0;0;0;0;0;0;0;0;0;0
3148 arianna island apt. 900 attleboro ma 02703 us;address;0;0;0;0;0;0;50;24;9;8;12;29;13;16;0;0;0;0;1;1;0;0;0;0;0
5474 sandrine circle framingham ma 01703 us;address;0;0;0;0;0;0;43;21;6;6;9;28;10;18;0;0;0;0;0;0;0;0;0;0;0
4502 lorenz forks suite 334 ipswich ma 01938 us;address;0;0;0;0;0;0;47;27;8;8;12;27;10;17;0;0;0;0;0;0;0;0;0;0;0
638 wilburn ridge dartmouth ma 02748 us;address;0;0;0;0;0;0;39;24;6;6;8;25;9;16;0;0;0;0;0;0;0;0;0;0;0
2982 estefania inlet springfield ma 01106 us;address;0;0;0;0;0;0;44;21;6;6;9;29;12;17;0;0;0;0;0;0;0;0;0;0;0
89668 jacobson pine suite 393 winchester ma 01890 us;address;0;0;0;0;0;0;52;23;8;8;13;31;13;18;0;0;0;0;0;0;0;0;0;0;0
52507 cara crossing revere ma 02151 us;address;0;0;0;0;0;0;38;18;6;6;10;22;9;13;0;0;0;0;0;0;0;0;0;0;0
7507 hanna lake apt. 689 franklin town ma 02038 us;address;0;0;0;0;0;0;50;26;10;9;12;28;10;18;0;0;0;0;1;1;0;0;0;0;0
601 jo islands apt. 536 clinton ma 01510 us;address;0;0;0;0;0;0;43;20;9;8;11;23;8;15;0;0;0;0;1;1;0;0;0;0;0
17860 jenkins road apt. 905 west springfield town ma 01090 us;address;0;0;0;0;0;0;61;27;11;10;13;37;12;25;0;0;0;0;1;1;0;0;0;0;0
933 blick wells springfield ma 01107 us;address;0;0;0;0;0;0;39;23;6;6;8;25;7;18;0;0;0;0;0;0;0;0;0;0;0
83871 pagac orchard apt. 695 groveland ma 01834 us;address;0;0;0;0;0;0;50;27;9;8;13;28;10;18;0;0;0;0;1;1;0;0;0;0;0
72910 ritchie villages salem ma 01970 us;address;0;0;0;0;0;0;40;19;6;6;10;24;10;14;0;0;0;0;0;0;0;0;0;0;0
96825 catalina spurs suite 351 westminster ma 01441 us;address;0;0;0;0;0;0;54;23;8;8;13;33;13;20;0;0;0;0;0;0;0;0;0;0;0
5003 myrtle parkway harwich ma 02645 us;address;0;0;0;0;0;0;39;22;6;6;9;24;7;17;0;0;0;0;0;0;0;0;0;0;0
56325 stanton coves hingham ma 02018 us;address;0;0;0;0;0;0;39;21;6;6;10;23;8;15;0;0;0;0;0;0;0;0;0;0;0
466 genoveva plains apt. 194 beverly ma 01915 us;address;0;0;0;0;0;0;48;24;9;8;11;28;11;17;0;0;0;0;1;1;0;0;0;0;0
76723 goyette loaf southbridge town ma 01550 us;address;0;0;0;0;0;0;47;26;7;7;10;30;12;18;0;0;0;0;0;0;0;0;0;0;0
63835 lang drives lawrence ma 01843 us;address;0;0;0;0;0;0;38;22;6;6;10;22;8;14;0;0;0;0;0;0;0;0;0;0;0
6242 ritchie throughway plymouth ma 02360 us;address;0;0;0;0;0;0;44;22;6;6;9;29;10;19;0;0;0;0;0;0;0;0;0;0;0
564 ortiz stream suite 428 uxbridge ma 01569 us;address;0;0;0;0;0;0;47;23;8;8;11;28;12;16;0;0;0;0;0;0;0;0;0;0;1
1724 karli extension walpole ma 02081 us;address;0;0;0;0;0;0;40;22;6;6;9;25;11;14;0;0;0;0;0;0;0;0;0;0;1
7522 feeney meadow charlton ma 01507 us;address;0;0;0;0;0;0;39;22;6;6;9;24;10;14;0;0;0;0;0;0;0;0;0;0;0
601 schinner islands apt. 794 holyoke ma 01040 us;address;0;0;0;0;0;0;49;25;9;8;11;29;10;19;0;0;0;0;1;1;0;0;0;0;0
343 agustina village suite 692 acushnet ma 02743 us;address;0;0;0;0;0;0;51;21;8;8;11;32;15;17;0;0;0;0;0;0;0;0;0;0;0
2010 franecki viaduct suite 356 revere ma 02151 us;address;0;0;0;0;0;0;50;21;8;8;12;30;14;16;0;0;0;0;0;0;0;0;0;0;0
3054 alejandra points suite 254 boston ma 02284 us;address;0;0;0;0;0;0;50;22;8;8;12;30;13;17;0;0;0;0;0;0;0;0;0;0;0
39110 pete locks waltham ma 02452 us;address;0;0;0;0;0;0;36;21;6;6;10;20;7;13;0;0;0;0;0;0;0;0;0;0;0
3560 karelle land apt. 952 westford ma 01886 us;address;0;0;0;0;0;0;47;25;9;8;12;26;9;17;0;0;0;0;1;1;0;0;0;0;0
49651 nat port springfield ma 01104 us;address;0;0;0;0;0;0;38;22;6;6;10;22;7;15;0;0;0;0;0;0;0;0;0;0;0
882 magali pines tewksbury ma 01876 us;address;0;0;0;0;0;0;38;23;6;6;8;24;9;15;0;0;0;0;0;0;0;0;0;0;0
37906 lynch terrace medford ma 02153 us;address;0;0;0;0;0;0;39;24;6;6;10;23;7;16;0;0;0;0;0;0;0;0;0;0;0
3509 jacobson glens waltham ma 02452 us;address;0;0;0;0;0;0;39;22;6;6;9;24;8;16;0;0;0;0;0;0;0;0;0;0;0
182 maida place apt. 785 lawrence ma 01840 us;address;0;0;0;0;0;0;45;23;9;8;11;25;11;14;0;0;0;0;1;1;0;0;0;0;0
536 greenfelder freeway methuen town ma 01844 us;address;0;0;0;0;0;0;48;24;7;7;8;33;13;20;0;0;0;0;0;0;0;0;0;0;0
8649 loy parkway watertown town ma 02477 us;address;0;0;0;0;0;0;43;22;7;7;9;27;9;18;0;0;0;0;0;0;0;0;0;0;0
5008 davis shores wareham ma 02571 us;address;0;0;0;0;0;0;37;19;6;6;9;22;9;13;0;0;0;0;0;0;0;0;0;0;0
66593 conn valley medfield ma 02052 us;address;0;0;0;0;0;0;38;21;6;6;10;22;8;14;0;0;0;0;0;0;0;0;0;0;0
96407 mckenzie skyway suite 935 lowell ma 01853 us;address;0;0;0;0;0;0;50;25;8;8;13;29;11;18;0;0;0;0;0;0;0;0;0;0;0
8996 cecile row suite 739 lowell ma 01853 us;address;0;0;0;0;0;0;44;21;8;8;12;24;11;13;0;0;0;0;0;0;0;0;0;0;0
312 hettinger summit winthrop town ma 02152 us;address;0;0;0;0;0;0;46;20;7;7;8;31;10;21;0;0;0;0;0;0;0;0;0;0;0
236 yadira isle woburn ma 01815 us;address;0;0;0;0;0;0;34;22;6;6;8;20;9;11;0;0;0;0;0;0;0;0;0;0;0
20031 bailey keys apt. 161 boston ma 02284 us;address;0;0;0;0;0;0;45;23;9;8;13;23;9;14;0;0;0;0;1;1;0;0;0;0;0
4476 jaylen harbor brockton ma 02304 us;address;0;0;0;0;0;0;39;23;6;6;9;24;8;16;0;0;0;0;0;0;0;0;0;0;0
5584 wuckert island suite 469 swampscott ma 01907 us;address;0;0;0;0;0;0;52;25;8;8;12;32;11;21;0;0;0;0;0;0;0;0;0;0;0
64091 jacobs highway suite 333 belchertown ma 01007 us;address;0;0;0;0;0;0;54;26;8;8;13;33;12;21;0;0;0;0;0;0;0;0;0;0;0
848 jonatan view boston ma 02114 us;address;0;0;0;0;0;0;35;19;6;6;8;21;9;12;0;0;0;0;0;0;0;0;0;0;0
6460 darren skyway brockton ma 02303 us;address;0;0;0;0;0;0;39;21;6;6;9;24;7;17;0;0;0;0;0;0;0;0;0;0;0
406 kariane mews north attleborough ma 02760 us;address;0;0;0;0;0;0;47;22;7;7;8;32;13;19;0;0;0;0;0;0;0;0;0;0;0
256 hessel lakes suite 373 swansea ma 02777 us;address;0;0;0;0;0;0;46;19;8;8;11;27;12;15;0;0;0;0;0;0;0;0;0;0;0
5362 monroe cliffs natick ma 01760 us;address;0;0;0;0;0;0;37;22;6;6;9;22;8;14;0;0;0;0;0;0;0;0;0;0;0
1107 maia glens cambridge ma 02142 us;address;0;0;0;0;0;0;37;19;6;6;9;22;9;13;0;0;0;0;0;0;0;0;0;0;0
11948 stehr spurs apt. 709 leominster ma 01453 us;address;0;0;0;0;0;0;49;23;9;8;13;27;9;18;0;0;0;0;1;1;0;0;0;0;0
8768 waters mission canton ma 02021 us;address;0;0;0;0;0;0;38;19;6;6;9;23;9;14;0;0;0;0;0;0;0;0;0;0;0
69530 athena junction boston ma 02115 us;address;0;0;0;0;0;0;40;21;6;6;10;24;10;14;0;0;0;0;0;0;0;0;0;0;0
748 jarret stream amherst ma 01004 us;address;0;0;0;0;0;0;37;15;6;6;8;23;8;15;0;0;0;0;0;0;0;0;0;0;0
1980 ledner prairie medfield ma 02052 us;address;0;0;0;0;0;0;40;19;6;6;9;25;11;14;0;0;0;0;0;0;0;0;0;0;0
2908 roslyn light boston ma 02128 us;address;0;0;0;0;0;0;36;20;6;6;9;21;6;15;0;0;0;0;0;0;0;0;0;0;0
34546 giovanny trace suite 654 framingham ma 01704 us;address;0;0;0;0;0;0;53;24;8;8;13;32;13;19;0;0;0;0;0;0;0;0;0;0;0
393 moen drives suite 608 harwich ma 02645 us;address;0;0;0;0;0;0;45;24;8;8;11;26;11;15;0;0;0;0;0;0;0;0;0;0;0
50611 keebler summit franklin town ma 02038 us;address;0;0;0;0;0;0;46;23;7;7;10;29;10;19;0;0;0;0;0;0;0;0;0;0;0
1691 jerrod summit suite 759 lowell ma 01852 us;address;0;0;0;0;0;0;47;22;8;8;12;27;11;16;0;0;0;0;0;0;0;0;0;0;0
327 arely summit acton ma 01718 us;address;0;0;0;0;0;0;34;20;6;6;8;20;8;12;0;0;0;0;0;0;0;0;0;0;0
7916 trystan cove apt. 852 springfield ma 01102 us;address;0;0;0;0;0;0;50;28;9;8;12;29;9;20;0;0;0;0;1;1;0;0;0;0;0
6067 stark oval cambridge ma 02238 us;address;0;0;0;0;0;0;37;23;6;6;9;22;8;14;0;0;0;0;0;0;0;0;0;0;0
1121 elmer union suite 572 lynn ma 01905 us;address;0;0;0;0;0;0;43;19;8;8;12;23;10;13;0;0;0;0;0;0;0;0;0;0;0
35776 chad fall suite 231 south hadley ma 01075 us;address;0;0;0;0;0;0;50;22;9;9;13;28;11;17;0;0;0;0;0;0;0;0;0;0;0
6352 herminia square boston ma 02137 us;address;0;0;0;0;0;0;39;21;6;6;9;24;11;13;0;0;0;0;0;0;0;0;0;0;0
149 helene turnpike peabody ma 01961 us;address;0;0;0;0;0;0;39;23;6;6;8;25;11;14;0;0;0;0;0;0;0;0;0;0;0
10217 vonrueden summit east longmeadow ma 01028 us;address;0;0;0;0;0;0;50;21;7;7;10;33;14;19;0;0;0;0;0;0;0;0;0;0;0
1485 keebler views norwood ma 02062 us;address;0;0;0;0;0;0;38;23;6;6;9;23;10;13;0;0;0;0;0;0;0;0;0;0;0
956 torphy villages gloucester ma 01930 us;address;0;0;0;0;0;0;42;23;6;6;8;28;10;18;0;0;0;0;0;0;0;0;0;0;0
78268 hoppe passage townsend ma 01469 us;address;0;0;0;0;0;0;40;22;6;6;10;24;9;15;0;0;0;0;0;0;0;0;0;0;0
859 kris park apt. 561 dracut ma 01826 us;address;0;0;0;0;0;0;41;20;9;8;11;21;7;14;0;0;0;0;1;1;0;0;0;0;0
9624 ben rue plymouth ma 02361 us;address;0;0;0;0;0;0;33;22;6;6;9;18;7;11;0;0;0;0;0;0;0;0;0;0;0
94062 towne village suite 225 lanesborough ma 01237 us;address;0;0;0;0;0;0;54;26;8;8;13;33;15;18;0;0;0;0;0;0;0;0;0;0;0
3384 meghan glens lawrence ma 01843 us;address;0;0;0;0;0;0;38;18;6;6;9;23;8;15;0;0;0;0;0;0;0;0;0;0;0
232 koss bridge apt. 470 groveland ma 01834 us;address;0;0;0;0;0;0;46;26;9;8;11;26;9;17;0;0;0;0;1;1;0;0;0;0;0
1233 hirthe inlet suite 197 truro ma 02666 us;address;0;0;0;0;0;0;45;20;8;8;12;25;11;14;0;0;0;0;0;0;0;0;0;0;0
386 brandon path suite 924 boston ma 02110 us;address;0;0;0;0;0;0;45;23;8;8;11;26;10;16;0;0;0;0;0;0;0;0;0;0;0
900 jacobi mill apt. 747 belchertown ma 01007 us;address;0;0;0;0;0;0;48;24;9;8;11;28;10;18;0;0;0;0;1;1;0;0;0;0;0
986 moriah fields everett ma 02149 us;address;0;0;0;0;0;0;37;22;6;6;8;23;10;13;0;0;0;0;0;0;0;0;0;0;0
3901 marco crest suite 777 revere ma 02151 us;address;0;0;0;0;0;0;45;19;8;8;12;25;11;14;0;0;0;0;0;0;0;0;0;0;0
118 antwan street apt. 419 dalton ma 01226 us;address;0;0;0;0;0;0;45;22;9;8;11;25;9;16;0;0;0;0;1;1;0;0;0;0;0
19094 fisher stravenue montague ma 01351 us;address;0;0;0;0;0;0;43;21;6;6;10;27;12;15;0;0;0;0;0;0;0;0;0;0;0
50805 klein way groveland ma 01834 us;address;0;0;0;0;0;0;37;23;6;6;10;21;8;13;0;0;0;0;0;0;0;0;0;0;0
51896 daryl vista suite 651 somerville ma 02145 us;address;0;0;0;0;0;0;50;22;8;8;13;29;12;17;0;0;0;0;0;0;0;0;0;0;0
65915 lennie canyon suite 421 salem ma 01971 us;address;0;0;0;0;0;0;47;21;8;8;13;26;12;14;0;0;0;0;0;0;0;0;0;0;0
40436 rahsaan stream apt. 472 brockton ma 02301 us;address;0;0;0;0;0;0;50;23;9;8;13;28;10;18;0;0;0;0;1;1;0;0;0;0;0
13707 ivory glen fitchburg ma 01420 us;address;0;0;0;0;0;0;38;25;6;6;10;22;7;15;0;0;0;0;0;0;0;0;0;0;0
6135 anderson camp suite 439 fall river ma 02722 us;address;0;0;0;0;0;0;51;26;9;9;12;30;12;18;0;0;0;0;0;0;0;0;0;0;0
89860 hills drive suite 374 hanson ma 02341 us;address;0;0;0;0;0;0;46;24;8;8;13;25;10;15;0;0;0;0;0;0;0;0;0;0;0
6211 brad ville carver ma 02330 us;address;0;0;0;0;0;0;34;18;6;6;9;19;7;12;0;0;0;0;0;0;0;0;0;0;0
16990 josh hills suite 658 holliston ma 01746 us;address;0;0;0;0;0;0;48;21;8;8;13;27;10;17;0;0;0;0;0;0;0;0;0;0;0
8951 lionel motorway new bedford ma 02740 us;address;0;0;0;0;0;0;44;25;7;7;9;28;11;17;0;0;0;0;0;0;0;0;0;0;0
572 mafalda plaza apt. 526 quincy ma 02171 us;address;0;0;0;0;0;0;45;23;9;8;11;25;10;15;0;0;0;0;1;1;0;0;0;0;0
43507 marquise inlet apt. 910 arlington ma 02476 us;address;0;0;0;0;0;0;51;25;9;8;13;29;12;17;0;0;0;0;1;1;0;0;0;0;0
107 ramon spurs wareham ma 02571 us;address;0;0;0;0;0;0;35;17;6;6;8;21;8;13;0;0;0;0;0;0;0;0;0;0;0
12245 feest trace brookline ma 02446 us;address;0;0;0;0;0;0;39;22;6;6;10;23;10;13;0;0;0;0;0;0;0;0;0;0;0
414 hettinger stream suite 597 everett ma 02149 us;address;0;0;0;0;0;0;50;20;8;8;11;31;13;18;0;0;0;0;0;0;0;0;0;0;0
36207 ezekiel glens suite 887 reading ma 01867 us;address;0;0;0;0;0;0;49;22;8;8;13;28;13;15;0;0;0;0;0;0;0;0;0;0;0
84559 welch ferry medway ma 02053 us;address;0;0;0;0;0;0;36;21;6;6;10;20;6;14;0;0;0;0;0;0;0;0;0;0;0
2540 janie walks randolph ma 02368 us;address;0;0;0;0;0;0;37;24;6;6;9;22;8;14;0;0;0;0;0;0;0;0;0;0;0
72125 trantow junctions suite 813 medford ma 02156 us;address;0;0;0;0;0;0;53;24;8;8;13;32;12;20;0;0;0;0;0;0;0;0;0;0;0
2298 junius turnpike hinsdale ma 01235 us;address;0;0;0;0;0;0;41;23;6;6;9;26;11;15;0;0;0;0;0;0;0;0;0;0;0
895 beau pike apt. 805 cambridge ma 02142 us;address;0;0;0;0;0;0;44;23;9;8;11;24;11;13;0;0;0;0;1;1;0;0;0;0;0
3434 johnson point suite 138 chicopee ma 01020 us;address;0;0;0;0;0;0;49;20;8;8;12;29;13;16;0;0;0;0;0;0;0;0;0;0;0
9781 nader village suite 254 natick ma 01760 us;address;0;0;0;0;0;0;47;25;8;8;12;27;12;15;0;0;0;0;0;0;0;0;0;0;0
9317 heidenreich fords suite 496 quincy ma 02170 us;address;0;0;0;0;0;0;51;25;8;8;12;31;13;18;0;0;0;0;0;0;0;0;0;0;0
2870 ankunding cape suite 561 fall river ma 02722 us;address;0;0;0;0;0;0;52;25;9;9;12;31;13;18;0;0;0;0;0;0;0;0;0;0;0
1488 haley highway hanover ma 02340 us;address;0;0;0;0;0;0;38;22;6;6;9;23;9;14;0;0;0;0;0;0;0;0;0;0;0
96156 korey dam suite 754 peabody ma 01960 us;address;0;0;0;0;0;0;45;22;8;8;13;24;11;13;0;0;0;0;0;0;0;0;0;0;0
96230 madelyn island rockland ma 02370 us;address;0;0;0;0;0;0;41;21;6;6;10;25;8;17;0;0;0;0;0;0;0;0;0;0;0
2891 weber centers north andover ma 01845 us;address;0;0;0;0;0;0;44;23;7;7;9;28;10;18;0;0;0;0;0;0;0;0;0;0;0
66554 green junction fall river ma 02721 us;address;0;0;0;0;0;0;43;24;7;7;10;26;10;16;0;0;0;0;0;0;0;0;0;0;0
31573 cleta divide suite 437 lowell ma 01853 us;address;0;0;0;0;0;0;47;21;8;8;13;26;12;14;0;0;0;0;0;0;0;0;0;0;0
5587 gislason parkways dedham ma 02027 us;address;0;0;0;0;0;0;41;23;6;6;9;26;9;17;0;0;0;0;0;0;0;0;0;0;0
8678 tavares grove apt. 719 boston ma 02211 us;address;0;0;0;0;0;0;46;22;9;8;12;25;10;15;0;0;0;0;1;1;0;0;0;0;0
48372 carter haven suite 460 gardner ma 01440 us;address;0;0;0;0;0;0;48;23;8;8;13;27;11;16;0;0;0;0;0;0;0;0;0;0;0
62302 hegmann center suite 893 dartmouth ma 02714 us;address;0;0;0;0;0;0;52;24;8;8;13;31;12;19;0;0;0;0;0;0;0;0;0;0;0
786 adonis roads apt. 679 ware ma 01082 us;address;0;0;0;0;0;0;42;22;9;8;11;22;10;12;0;0;0;0;1;1;0;0;0;0;0
5470 kiel bypass suite 128 marblehead ma 01945 us;address;0;0;0;0;0;0;49;24;8;8;12;29;12;17;0;0;0;0;0;0;0;0;0;0;0
82594 reyna bridge rockport ma 01966 us;address;0;0;0;0;0;0;39;26;6;6;10;23;8;15;0;0;0;0;0;0;0;0;0;0;0
18419 rohan keys suite 210 marlborough ma 01752 us;address;0;0;0;0;0;0;50;25;8;8;13;29;12;17;0;0;0;0;0;0;0;0;0;0;0
97910 gottlieb viaduct apt. 215 montague ma 01351 us;address;0;0;0;0;0;0;52;25;9;8;13;30;13;17;0;0;0;0;1;1;0;0;0;0;0
450 oma tunnel apt. 583 pittsfield ma 01201 us;address;0;0;0;0;0;0;46;22;9;8;11;26;10;16;0;0;0;0;1;1;0;0;0;0;0
3047 kiehn crossing walpole ma 02081 us;address;0;0;0;0;0;0;39;24;6;6;9;24;9;15;0;0;0;0;0;0;0;0;0;0;0
53943 shakira orchard apt. 153 new bedford ma 02740 us;address;0;0;0;0;0;0;54;28;10;9;13;31;11;20;0;0;0;0;1;1;0;0;0;0;0
61827 karley way suite 880 billerica ma 01822 us;address;0;0;0;0;0;0;48;21;8;8;13;27;12;15;0;0;0;0;0;0;0;0;0;0;0
841 bonnie run suite 421 lynnfield ma 01940 us;address;0;0;0;0;0;0;46;22;8;8;11;27;11;16;0;0;0;0;0;0;0;0;0;0;0
68604 lisa way lowell ma 01853 us;address;0;0;0;0;0;0;33;18;6;6;10;17;7;10;0;0;0;0;0;0;0;0;0;0;0
5018 cory park arlington ma 02474 us;address;0;0;0;0;0;0;36;23;6;6;9;21;7;14;0;0;0;0;0;0;0;0;0;0;0
5769 beahan stream princeton ma 01541 us;address;0;0;0;0;0;0;40;22;6;6;9;25;10;15;0;0;0;0;0;0;0;0;0;0;0
301 eula radial suite 298 brockton ma 02305 us;address;0;0;0;0;0;0;46;23;8;8;11;27;13;14;0;0;0;0;0;0;0;0;0;0;0
27535 graham tunnel boston ma 02132 us;address;0;0;0;0;0;0;38;20;6;6;10;22;8;14;0;0;0;0;0;0;0;0;0;0;0
243 dibbert gateway apt. 441 billerica ma 01822 us;address;0;0;0;0;0;0;50;24;9;8;11;30;12;18;0;0;0;0;1;1;0;0;0;0;0
45838 dawn spur yarmouth ma 02675 us;address;0;0;0;0;0;0;36;22;6;6;10;20;7;13;0;0;0;0;0;0;0;0;0;0;0
732 kshlerin summit new bedford ma 02742 us;address;0;0;0;0;0;0;43;23;7;7;8;28;9;19;0;0;0;0;0;0;0;0;0;0;0
55370 bret lake apt. 412 malden ma 02148 us;address;0;0;0;0;0;0;43;23;9;8;13;21;8;13;0;0;0;0;1;1;0;0;0;0;0
64496 oberbrunner spring suite 152 chicopee ma 01013 us;address;0;0;0;0;0;0;55;24;8;8;13;34;14;20;0;0;0;0;0;0;0;0;0;0;0
85296 xavier port dracut ma 01826 us;address;0;0;0;0;0;0;36;22;6;6;10;20;8;12;0;0;0;0;0;0;0;0;0;0;1
817 bednar walks apt. 430 hamilton ma 01936 us;address;0;0;0;0;0;0;46;27;9;8;11;26;9;17;0;0;0;0;1;1;0;0;0;0;0
351 bogan terrace suite 810 mashpee ma 02649 us;address;0;0;0;0;0;0;47;25;8;8;11;28;13;15;0;0;0;0;0;0;0;0;0;0;0
77926 purdy greens apt. 553 west boylston ma 01583 us;address;0;0;0;0;0;0;53;27;10;9;13;30;9;21;0;0;0;0;1;1;0;0;0;0;0
9514 hermann passage suite 875 boston ma 02119 us;address;0;0;0;0;0;0;49;23;8;8;12;29;12;17;0;0;0;0;0;0;0;0;0;0;0
749 durgan track apt. 386 brockton ma 02305 us;address;0;0;0;0;0;0;46;25;9;8;11;26;8;18;0;0;0;0;1;1;0;0;0;0;0
98396 cordia pines springfield ma 01139 us;address;0;0;0;0;0;0;42;22;6;6;10;26;10;16;0;0;0;0;0;0;0;0;0;0;0
303 jacobi hollow apt. 936 fall river ma 02724 us;address;0;0;0;0;0;0;49;27;10;9;11;28;11;17;0;0;0;0;1;1;0;0;0;0;0
792 reina island apt. 857 weymouth town ma 02191 us;address;0;0;0;0;0;0;51;25;10;9;11;30;12;18;0;0;0;0;1;1;0;0;0;0;0
904 lon brook ware ma 01082 us;address;0;0;0;0;0;0;30;19;6;6;8;16;7;9;0;0;0;0;0;0;0;0;0;0;0
5066 bernhard greens apt. 376 spencer ma 01562 us;address;0;0;0;0;0;0;49;23;9;8;12;28;9;19;0;0;0;0;1;1;0;0;0;0;0
90044 devan pass apt. 675 boston ma 02217 us;address;0;0;0;0;0;0;44;22;9;8;13;22;8;14;0;0;0;0;1;1;0;0;0;0;0
4435 scarlett ways apt. 185 ashburnham ma 01430 us;address;0;0;0;0;0;0;50;23;9;8;12;29;9;20;0;0;0;0;1;1;0;0;0;0;0
5198 deonte divide suite 846 carver ma 02330 us;address;0;0;0;0;0;0;47;23;8;8;12;27;13;14;0;0;0;0;0;0;0;0;0;0;0
49090 mraz plains apt. 263 rockland ma 02370 us;address;0;0;0;0;0;0;47;24;9;8;13;25;8;17;0;0;0;0;1;1;0;0;0;0;0
55123 veum well brockton ma 02305 us;address;0;0;0;0;0;0;36;21;6;6;10;20;7;13;0;0;0;0;0;0;0;0;0;0;0
4975 torp falls suite 628 boston ma 02111 us;address;0;0;0;0;0;0;44;24;8;8;12;24;9;15;0;0;0;0;0;0;0;0;0;0;0
76590 murazik coves apt. 244 chelmsford ma 01824 us;address;0;0;0;0;0;0;51;29;9;8;13;29;10;19;0;0;0;0;1;1;0;0;0;0;0
992 avery springs barnstable town ma 02630 us;address;0;0;0;0;0;0;45;23;7;7;8;30;9;21;0;0;0;0;0;0;0;0;0;0;0
32898 dane drive suite 384 haverhill ma 01832 us;address;0;0;0;0;0;0;48;21;8;8;13;27;12;15;0;0;0;0;0;0;0;0;0;0;0
6237 isadore coves lawrence ma 01842 us;address;0;0;0;0;0;0;39;23;6;6;9;24;11;13;0;0;0;0;0;0;0;0;0;0;0
707 mallie rue ware ma 01082 us;address;0;0;0;0;0;0;31;15;6;6;8;17;9;8;0;0;0;0;0;0;0;0;0;0;0
2614 caleigh corners boston ma 02241 us;address;0;0;0;0;0;0;39;21;6;6;9;24;9;15;0;0;0;0;0;0;0;0;0;0;0
449 emmerich roads apt. 540 westwood ma 02090 us;address;0;0;0;0;0;0;48;21;9;8;11;28;11;17;0;0;0;0;1;1;0;0;0;0;0
122 willis bypass suite 645 boston ma 02203 us;address;0;0;0;0;0;0;46;22;8;8;11;27;10;17;0;0;0;0;0;0;0;0;0;0;0
569 klocko common apt. 719 springfield ma 01111 us;address;0;0;0;0;0;0;50;25;9;8;11;30;10;20;0;0;0;0;1;1;0;0;0;0;0
8756 feeney crest concord ma 01742 us;address;0;0;0;0;0;0;37;22;6;6;9;22;8;14;0;0;0;0;0;0;0;0;0;0;0
794 mohr creek suite 183 quincy ma 02170 us;address;0;0;0;0;0;0;43;24;8;8;11;24;10;14;0;0;0;0;0;0;0;0;0;0;0
21805 schneider mountains suite 682 great barrington ma 01230 us;address;0;0;0;0;0;0;64;23;9;9;13;42;17;25;0;0;0;0;0;0;0;0;0;0;0
50675 toy canyon salem ma 01971 us;address;0;0;0;0;0;0;34;18;6;6;10;18;7;11;0;0;0;0;0;0;0;0;0;0;0
3587 grimes groves suite 404 holden ma 01520 us;address;0;0;0;0;0;0;47;24;8;8;12;27;11;16;0;0;0;0;0;0;0;0;0;0;0
45100 amparo cliff suite 445 agawam town ma 01001 us;address;0;0;0;0;0;0;52;21;9;9;13;30;13;17;0;0;0;0;0;0;0;0;0;0;0
5547 major crossroad apt. 654 leicester ma 01524 us;address;0;0;0;0;0;0;51;23;9;8;12;30;12;18;0;0;0;0;1;1;0;0;0;0;0
88871 muller shoal apt. 928 agawam town ma 01001 us;address;0;0;0;0;0;0;51;22;10;9;13;28;11;17;0;0;0;0;1;1;0;0;0;0;0
24769 nikolaus cove apt. 470 woburn ma 01888 us;address;0;0;0;0;0;0;47;27;9;8;13;25;11;14;0;0;0;0;1;1;0;0;0;0;0
29723 romaine ports spencer ma 01562 us;address;0;0;0;0;0;0;39;21;6;6;10;23;9;14;0;0;0;0;0;0;0;0;0;0;0
1160 kautzer port worcester ma 01608 us;address;0;0;0;0;0;0;39;18;6;6;9;24;9;15;0;0;0;0;0;0;0;0;0;0;0
380 dubuque forks dedham ma 02026 us;address;0;0;0;0;0;0;36;19;6;6;8;22;9;13;0;0;0;0;0;0;0;0;0;0;0
6902 imani pike fairhaven ma 02719 us;address;0;0;0;0;0;0;37;20;6;6;9;22;11;11;0;0;0;0;0;0;0;0;0;0;0
492 icie expressway mansfield ma 02048 us;address;0;0;0;0;0;0;41;22;6;6;8;27;11;16;0;0;0;0;0;0;0;0;0;0;1
15787 peyton green brockton ma 02302 us;address;0;0;0;0;0;0;39;23;6;6;10;23;8;15;0;0;0;0;0;0;0;0;0;0;0
691 bobby drives apt. 125 lowell ma 01854 us;address;0;0;0;0;0;0;44;26;9;8;11;24;8;16;0;0;0;0;1;1;0;0;0;0;0
8987 schumm gardens lynn ma 01903 us;address;0;0;0;0;0;0;36;20;6;6;9;21;5;16;0;0;0;0;0;0;0;0;0;0;0
86987 otha trafficway springfield ma 01103 us;address;0;0;0;0;0;0;45;27;6;6;10;29;10;19;0;0;0;0;0;0;0;0;0;0;0
18310 wintheiser ways suite 590 arlington ma 02474 us;address;0;0;0;0;0;0;53;25;8;8;13;32;13;19;0;0;0;0;0;0;0;0;0;0;0
553 toni key marblehead ma 01945 us;address;0;0;0;0;0;0;35;23;6;6;8;21;9;12;0;0;0;0;0;0;0;0;0;0;0
57916 saige station apt. 697 hardwick ma 01082 us;address;0;0;0;0;0;0;49;27;9;8;13;27;11;16;0;0;0;0;1;1;0;0;0;0;0
5186 yesenia drives westfield ma 01085 us;address;0;0;0;0;0;0;41;21;6;6;9;26;11;15;0;0;0;0;0;0;0;0;0;0;0
25802 bednar drive apt. 244 bridgewater ma 02325 us;address;0;0;0;0;0;0;51;23;9;8;13;29;11;18;0;0;0;0;1;1;0;0;0;0;0
453 bartell trail sturbridge ma 01566 us;address;0;0;0;0;0;0;40;19;6;6;8;26;9;17;0;0;0;0;0;0;0;0;0;0;0
24369 vella ville suite 846 beverly ma 01915 us;address;0;0;0;0;0;0;47;22;8;8;13;26;11;15;0;0;0;0;0;0;0;0;0;0;0
997 wunsch burgs apt. 982 stoughton ma 02072 us;address;0;0;0;0;0;0;47;21;9;8;11;27;8;19;0;0;0;0;1;1;0;0;0;0;0
957 durgan village worcester ma 01613 us;address;0;0;0;0;0;0;40;24;6;6;8;26;10;16;0;0;0;0;0;0;0;0;0;0;0
18049 blanda mission westwood ma 02090 us;address;0;0;0;0;0;0;41;20;6;6;10;25;10;15;0;0;0;0;0;0;0;0;0;0;0
473 sipes fork duxbury ma 02332 us;address;0;0;0;0;0;0;34;21;6;6;8;20;7;13;0;0;0;0;0;0;0;0;0;0;1
29052 sharon drive rockland ma 02370 us;address;0;0;0;0;0;0;39;22;6;6;10;23;8;15;0;0;0;0;0;0;0;0;0;0;0
18797 karson burgs suite 444 palmer town ma 01069 us;address;0;0;0;0;0;0;52;24;9;9;13;30;11;19;0;0;0;0;0;0;0;0;0;0;0
68841 caden plain granby ma 01033 us;address;0;0;0;0;0;0;36;22;6;6;10;20;7;13;0;0;0;0;0;0;0;0;0;0;0
72820 rosenbaum underpass boston ma 02111 us;address;0;0;0;0;0;0;44;18;6;6;10;28;11;17;0;0;0;0;0;0;0;0;0;0;0
3383 douglas harbor suite 630 groton ma 01471 us;address;0;0;0;0;0;0;48;23;8;8;12;28;12;16;0;0;0;0;0;0;0;0;0;0;0
62033 jeremie greens apt. 843 everett ma 02149 us;address;0;0;0;0;0;0;49;23;9;8;13;27;12;15;0;0;0;0;1;1;0;0;0;0;0
587 emmie crossing randolph ma 02368 us;address;0;0;0;0;0;0;39;23;6;6;8;25;9;16;0;0;0;0;0;0;0;0;0;0;0
59908 schuppe motorway harvard ma 01451 us;address;0;0;0;0;0;0;42;22;6;6;10;26;9;17;0;0;0;0;0;0;0;0;0;0;0
7465 brendan view apt. 844 springfield ma 01101 us;address;0;0;0;0;0;0;50;26;9;8;12;29;10;19;0;0;0;0;1;1;0;0;0;0;0
86929 michel trace sandwich ma 02563 us;address;0;0;0;0;0;0;39;22;6;6;10;23;8;15;0;0;0;0;0;0;0;0;0;0;0
67040 frankie springs saugus ma 01906 us;address;0;0;0;0;0;0;40;19;6;6;10;24;9;15;0;0;0;0;0;0;0;0;0;0;0
56580 blanda ports suite 154 dudley ma 01571 us;address;0;0;0;0;0;0;47;23;8;8;13;26;10;16;0;0;0;0;0;0;0;0;0;0;0
8624 heidenreich pines apt. 548 newton ma 02465 us;address;0;0;0;0;0;0;50;23;9;8;12;29;12;17;0;0;0;0;1;1;0;0;0;0;0
15770 lowe pines wayland ma 01778 us;address;0;0;0;0;0;0;36;19;6;6;10;20;8;12;0;0;0;0;0;0;0;0;0;0;0
820 upton ferry suite 160 natick ma 01760 us;address;0;0;0;0;0;0;44;22;8;8;11;25;10;15;0;0;0;0;0;0;0;0;0;0;0
49726 maci gardens norfolk ma 02056 us;address;0;0;0;0;0;0;38;23;6;6;10;22;8;14;0;0;0;0;0;0;0;0;0;0;0
7025 perry vista fitchburg ma 01420 us;address;0;0;0;0;0;0;38;23;6;6;9;23;7;16;0;0;0;0;0;0;0;0;0;0;0
976 auer crest weymouth town ma 02189 us;address;0;0;0;0;0;0;40;21;7;7;8;25;10;15;0;0;0;0;0;0;0;0;0;0;0
66341 anika village framingham ma 01705 us;address;0;0;0;0;0;0;42;22;6;6;10;26;11;15;0;0;0;0;0;0;0;0;0;0;0
1547 russel light auburn ma 01501 us;address;0;0;0;0;0;0;36;19;6;6;9;21;8;13;0;0;0;0;0;0;0;0;0;0;0
4369 kassulke club suite 423 beverly ma 01915 us;address;0;0;0;0;0;0;48;23;8;8;12;28;11;17;0;0;0;0;0;0;0;0;0;0;0
55080 kihn trace suite 156 framingham ma 01703 us;address;0;0;0;0;0;0;49;22;8;8;13;28;11;17;0;0;0;0;0;0;0;0;0;0;0
5425 nia trace haverhill ma 01833 us;address;0;0;0;0;0;0;36;21;6;6;9;21;9;12;0;0;0;0;0;0;0;0;0;0;0
3020 turner divide marblehead ma 01945 us;address;0;0;0;0;0;0;41;22;6;6;9;26;11;15;0;0;0;0;0;0;0;0;0;0;0
6580 dayne ferry shirley ma 01464 us;address;0;0;0;0;0;0;36;20;6;6;9;21;7;14;0;0;0;0;0;0;0;0;0;0;0
36743 reichel pike apt. 932 natick ma 01760 us;address;0;0;0;0;0;0;46;24;9;8;13;24;10;14;0;0;0;0;1;1;0;0;0;0;0
5447 lavada falls north andover ma 01845 us;address;0;0;0;0;0;0;43;21;7;7;9;27;10;17;0;0;0;0;0;0;0;0;0;0;0
21003 cesar trail suite 466 ware ma 01082 us;address;0;0;0;0;0;0;44;19;8;8;13;23;11;12;0;0;0;0;0;0;0;0;0;0;0
9804 stamm grove arlington ma 02475 us;address;0;0;0;0;0;0;38;21;6;6;9;23;8;15;0;0;0;0;0;0;0;0;0;0;0
736 tony pine somerville ma 02143 us;address;0;0;0;0;0;0;36;22;6;6;8;22;9;13;0;0;0;0;0;0;0;0;0;0;0
66817 ignacio crescent newton ma 02460 us;address;0;0;0;0;0;0;41;21;6;6;10;25;10;15;0;0;0;0;0;0;0;0;0;0;0
15081 asha meadows lowell ma 01850 us;address;0;0;0;0;0;0;37;15;6;6;10;21;9;12;0;0;0;0;0;0;0;0;0;0;0
9153 tatyana squares apt. 163 lawrence ma 01843 us;address;0;0;0;0;0;0;50;24;9;8;12;29;12;17;0;0;0;0;1;1;0;0;0;0;0
7486 mckenzie mall weymouth town ma 02190 us;address;0;0;0;0;0;0;44;25;7;7;9;28;10;18;0;0;0;0;0;0;0;0;0;0;0
851 garrett ford newton ma 02456 us;address;0;0;0;0;0;0;35;21;6;6;8;21;7;14;0;0;0;0;0;0;0;0;0;0;0
46214 sauer shoal agawam town ma 01001 us;address;0;0;0;0;0;0;41;19;7;7;10;24;11;13;0;0;0;0;0;0;0;0;0;0;0
7170 lola square apt. 238 westford ma 01886 us;address;0;0;0;0;0;0;46;23;9;8;12;25;10;15;0;0;0;0;1;1;0;0;0;0;0
8934 catharine causeway brockton ma 02301 us;address;0;0;0;0;0;0;44;24;6;6;9;29;12;17;0;0;0;0;0;0;0;0;0;0;0
293 orn square apt. 755 westfield ma 01085 us;address;0;0;0;0;0;0;45;26;9;8;11;25;10;15;0;0;0;0;1;1;0;0;0;0;0
8578 natalia hill suite 379 amherst ma 01004 us;address;0;0;0;0;0;0;47;20;8;8;12;27;12;15;0;0;0;0;0;0;0;0;0;0;0
63888 jazmyn springs suite 657 brookline ma 02447 us;address;0;0;0;0;0;0;52;27;8;8;13;31;11;20;0;0;0;0;0;0;0;0;0;0;0
7807 caleigh spur boston ma 02117 us;address;0;0;0;0;0;0;36;22;6;6;9;21;8;13;0;0;0;0;0;0;0;0;0;0;0
2551 pagac walk tewksbury ma 01876 us;address;0;0;0;0;0;0;37;23;6;6;9;22;7;15;0;0;0;0;0;0;0;0;0;0;0
454 abelardo throughway billerica ma 01821 us;address;0;0;0;0;0;0;45;24;6;6;8;31;13;18;0;0;0;0;0;0;0;0;0;0;0
9729 toney mills apt. 166 chelsea ma 02150 us;address;0;0;0;0;0;0;45;23;9;8;12;24;9;15;0;0;0;0;1;1;0;0;0;0;0
645 osinski point boston ma 02204 us;address;0;0;0;0;0;0;36;17;6;6;8;22;9;13;0;0;0;0;0;0;0;0;0;0;0
592 theodore locks suite 982 agawam town ma 01001 us;address;0;0;0;0;0;0;52;24;9;9;11;32;14;18;0;0;0;0;0;0;0;0;0;0;0
325 august garden plymouth ma 02361 us;address;0;0;0;0;0;0;38;22;6;6;8;24;9;15;0;0;0;0;0;0;0;0;0;0;0
1246 abshire locks apt. 590 pittsfield ma 01203 us;address;0;0;0;0;0;0;50;27;9;8;12;29;10;19;0;0;0;0;1;1;0;0;0;0;0
4518 madelyn orchard wellesley ma 02457 us;address;0;0;0;0;0;0;42;22;6;6;9;27;9;18;0;0;0;0;0;0;0;0;0;0;0
869 funk divide boston ma 02206 us;address;0;0;0;0;0;0;34;20;6;6;8;20;8;12;0;0;0;0;0;0;0;0;0;0;0
451 ernser tunnel apt. 251 carver ma 02330 us;address;0;0;0;0;0;0;45;20;9;8;11;25;9;16;0;0;0;0;1;1;0;0;0;0;0
7158 hermann shores suite 134 springfield ma 01111 us;address;0;0;0;0;0;0;53;24;8;8;12;33;12;21;0;0;0;0;0;0;0;0;0;0;0
4831 hane hills apt. 692 boston ma 02124 us;address;0;0;0;0;0;0;43;23;9;8;12;22;8;14;0;0;0;0;1;1;0;0;0;0;0
5875 madisyn divide newton ma 02458 us;address;0;0;0;0;0;0;38;20;6;6;9;23;9;14;0;0;0;0;0;0;0;0;0;0;0
131 cameron corner suite 848 mansfield ma 02048 us;address;0;0;0;0;0;0;50;21;8;8;11;31;13;18;0;0;0;0;0;0;0;0;0;0;0
3374 mikayla underpass ashburnham ma 01430 us;address;0;0;0;0;0;0;45;21;6;6;9;30;11;19;0;0;0;0;0;0;0;0;0;0;0
9520 cummerata extensions new bedford ma 02745 us;address;0;0;0;0;0;0;49;23;7;7;9;33;13;20;0;0;0;0;0;0;0;0;0;0;1
3243 green loop suite 367 fall river ma 02721 us;address;0;0;0;0;0;0;48;23;9;9;12;27;12;15;0;0;0;0;0;0;0;0;0;0;0
70665 enos circles apt. 232 north andover ma 01845 us;address;0;0;0;0;0;0;53;27;10;9;13;30;11;19;0;0;0;0;1;1;0;0;0;0;0
51914 quitzon estate apt. 554 boston ma 02133 us;address;0;0;0;0;0;0;48;22;9;8;13;26;11;15;0;0;0;0;1;1;0;0;0;0;0
63140 rau brook suite 756 westford ma 01886 us;address;0;0;0;0;0;0;46;23;8;8;13;25;11;14;0;0;0;0;0;0;0;0;0;0;0
1218 heaney wall east longmeadow ma 01028 us;address;0;0;0;0;0;0;44;19;7;7;9;28;12;16;0;0;0;0;0;0;0;0;0;0;0
502 ferne ridges suite 445 attleboro ma 02703 us;address;0;0;0;0;0;0;48;22;8;8;11;29;13;16;0;0;0;0;0;0;0;0;0;0;0
46053 collins extensions suite 482 plainville ma 02762 us;address;0;0;0;0;0;0;57;23;8;8;13;36;15;21;0;0;0;0;0;0;0;0;0;0;1
794 hermiston fords sturbridge ma 01566 us;address;0;0;0;0;0;0;42;23;6;6;8;28;9;19;0;0;0;0;0;0;0;0;0;0;0
221 morissette walk suite 188 worcester ma 01653 us;address;0;0;0;0;0;0;51;21;8;8;11;32;13;19;0;0;0;0;0;0;0;0;0;0;0
7403 wisozk creek wilmington ma 01887 us;address;0;0;0;0;0;0;40;23;6;6;9;25;9;16;0;0;0;0;0;0;0;0;0;0;0
29267 brekke locks suite 451 wilbraham ma 01095 us;address;0;0;0;0;0;0;50;24;8;8;13;29;11;18;0;0;0;0;0;0;0;0;0;0;0
341 wisoky center suite 535 lynn ma 01904 us;address;0;0;0;0;0;0;44;22;8;8;11;25;9;16;0;0;0;0;0;0;0;0;0;0;0
338 gleason crossroad apt. 722 bridgewater ma 02325 us;address;0;0;0;0;0;0;54;25;9;8;11;34;13;21;0;0;0;0;1;1;0;0;0;0;0
98291 carter spur suite 253 weymouth town ma 02190 us;address;0;0;0;0;0;0;53;23;9;9;13;31;12;19;0;0;0;0;0;0;0;0;0;0;0
404 micheal keys athol ma 01331 us;address;0;0;0;0;0;0;34;18;6;6;8;20;8;12;0;0;0;0;0;0;0;0;0;0;0
59420 asa prairie apt. 629 boston ma 02121 us;address;0;0;0;0;0;0;45;21;9;8;13;23;11;12;0;0;0;0;1;1;0;0;0;0;0
626 ivy course somerville ma 02145 us;address;0;0;0;0;0;0;37;19;6;6;8;23;10;13;0;0;0;0;0;0;0;0;0;0;0
8737 blanda pike suite 895 manchester-by-the-sea ma 01944 us;address;0;0;0;0;0;0;60;27;11;8;12;37;15;22;0;3;0;0;0;0;0;0;0;0;0
831 schulist burgs new bedford ma 02745 us;address;0;0;0;0;0;0;42;27;7;7;8;27;8;19;0;0;0;0;0;0;0;0;0;0;0
4781 easter mission fall river ma 02722 us;address;0;0;0;0;0;0;42;20;7;7;9;26;11;15;0;0;0;0;0;0;0;0;0;0;0
491 earline via milton ma 02186 us;address;0;0;0;0;0;0;34;20;6;6;8;20;10;10;0;0;0;0;0;0;0;0;0;0;0
2068 christelle views malden ma 02148 us;address;0;0;0;0;0;0;40;22;6;6;9;25;9;16;0;0;0;0;0;0;0;0;0;0;0
37493 haag flat abington ma 02351 us;address;0;0;0;0;0;0;36;22;6;6;10;20;8;12;0;0;0;0;0;0;0;0;0;0;0
5357 nader fields randolph ma 02368 us;address;0;0;0;0;0;0;38;22;6;6;9;23;8;15;0;0;0;0;0;0;0;0;0;0;0
808 kylie points pittsfield ma 01203 us;address;0;0;0;0;0;0;39;21;6;6;8;25;9;16;0;0;0;0;0;0;0;0;0;0;0
33115 chadrick lights springfield ma 01138 us;address;0;0;0;0;0;0;45;23;6;6;10;29;8;21;0;0;0;0;0;0;0;0;0;0;0
7425 eugenia via leominster ma 01453 us;address;0;0;0;0;0;0;39;21;6;6;9;24;13;11;0;0;0;0;0;0;0;0;0;0;0
52872 pouros river apt. 610 southwick ma 01077 us;address;0;0;0;0;0;0;49;24;9;8;13;27;11;16;0;0;0;0;1;1;0;0;0;0;0
643 walter trafficway holyoke ma 01041 us;address;0;0;0;0;0;0;41;22;6;6;8;27;10;17;0;0;0;0;0;0;0;0;0;0;0
61523 robel ridge boston ma 02112 us;address;0;0;0;0;0;0;36;21;6;6;10;20;8;12;0;0;0;0;0;0;0;0;0;0;0
3889 champlin flats west springfield town ma 01089 us;address;0;0;0;0;0;0;53;24;8;8;9;36;10;26;0;0;0;0;0;0;0;0;0;0;0
445 lonzo roads lowell ma 01852 us;address;0;0;0;0;0;0;34;19;6;6;8;20;8;12;0;0;0;0;0;0;0;0;0;0;0
41334 billie course boston ma 02123 us;address;0;0;0;0;0;0;38;19;6;6;10;22;10;12;0;0;0;0;0;0;0;0;0;0;0
584 nicolas dam suite 831 franklin town ma 02038 us;address;0;0;0;0;0;0;51;24;9;9;11;31;12;19;0;0;0;0;0;0;0;0;0;0;0
550 o'conner green salem ma 01971 us;address;0;0;0;0;0;0;36;18;7;6;8;21;9;12;0;0;0;0;0;0;0;0;0;0;0
924 jaycee square apt. 683 newburyport ma 01950 us;address;0;0;0;0;0;0;50;27;9;8;11;30;12;18;0;0;0;0;1;1;0;0;0;0;0
7647 aaliyah roads granby ma 01033 us;address;0;0;0;0;0;0;37;21;6;6;9;22;9;13;0;0;0;0;0;0;0;0;0;0;0
609 nikolaus trace apt. 865 leicester ma 01524 us;address;0;0;0;0;0;0;49;24;9;8;11;29;13;16;0;0;0;0;1;1;0;0;0;0;0
31340 legros path suite 873 monson ma 01057 us;address;0;0;0;0;0;0;46;22;8;8;13;25;10;15;0;0;0;0;0;0;0;0;0;0;0
9508 kian knolls boston ma 02217 us;address;0;0;0;0;0;0;35;19;6;6;9;20;7;13;0;0;0;0;0;0;0;0;0;0;0
8952 mante point salem ma 01970 us;address;0;0;0;0;0;0;34;19;6;6;9;19;8;11;0;0;0;0;0;0;0;0;0;0;0
272 nienow dale apt. 617 millbury ma 01586 us;address;0;0;0;0;0;0;45;25;9;8;11;25;10;15;0;0;0;0;1;1;0;0;0;0;0
623 lempi spur northampton ma 01061 us;address;0;0;0;0;0;0;38;19;6;6;8;24;8;16;0;0;0;0;0;0;0;0;0;0;0
71213 darwin parkways suite 705 brockton ma 02303 us;address;0;0;0;0;0;0;52;24;8;8;13;31;11;20;0;0;0;0;0;0;0;0;0;0;0
256 wanda fields warren ma 01083 us;address;0;0;0;0;0;0;35;20;6;6;8;21;8;13;0;0;0;0;0;0;0;0;0;0;0
5288 leonora key suite 286 hull ma 02045 us;address;0;0;0;0;0;0;43;21;8;8;12;23;11;12;0;0;0;0;0;0;0;0;0;0;0
24386 rosalia grove wellesley ma 02481 us;address;0;0;0;0;0;0;41;21;6;6;10;25;11;14;0;0;0;0;0;0;0;0;0;0;0
54090 antoinette field suite 621 wakefield ma 01880 us;address;0;0;0;0;0;0;54;23;8;8;13;33;16;17;0;0;0;0;0;0;0;0;0;0;0
74432 enos brooks apt. 420 weymouth town ma 02190 us;address;0;0;0;0;0;0;52;24;10;9;13;29;11;18;0;0;0;0;1;1;0;0;0;0;0
75728 maximus fall suite 866 winchester ma 01890 us;address;0;0;0;0;0;0;51;24;8;8;13;30;12;18;0;0;0;0;0;0;0;0;0;0;1
937 hoeger trace suite 370 lawrence ma 01842 us;address;0;0;0;0;0;0;47;24;8;8;11;28;13;15;0;0;0;0;0;0;0;0;0;0;0
1256 torphy crossroad suite 712 princeton ma 01541 us;address;0;0;0;0;0;0;53;23;8;8;12;33;12;21;0;0;0;0;0;0;0;0;0;0;0
54185 sigurd courts boston ma 02215 us;address;0;0;0;0;0;0;38;20;6;6;10;22;8;14;0;0;0;0;0;0;0;0;0;0;0
2786 wanda cove southampton ma 01073 us;address;0;0;0;0;0;0;39;22;6;6;9;24;10;14;0;0;0;0;0;0;0;0;0;0;0
5727 kirsten common westborough ma 01581 us;address;0;0;0;0;0;0;43;23;6;6;9;28;10;18;0;0;0;0;0;0;0;0;0;0;0
340 douglas circles newton ma 02466 us;address;0;0;0;0;0;0;38;21;6;6;8;24;9;15;0;0;0;0;0;0;0;0;0;0;0
47472 koepp loop boston ma 02137 us;address;0;0;0;0;0;0;35;19;6;6;10;19;8;11;0;0;0;0;0;0;0;0;0;0;0
877 ledner fields suite 723 wareham ma 02571 us;address;0;0;0;0;0;0;47;22;8;8;11;28;12;16;0;0;0;0;0;0;0;0;0;0;0
30087 emma ridge apt. 693 boston ma 02121 us;address;0;0;0;0;0;0;44;24;9;8;13;22;9;13;0;0;0;0;1;1;0;0;0;0;0
36799 ernser mall apt. 500 amherst ma 01003 us;address;0;0;0;0;0;0;46;20;9;8;13;24;8;16;0;0;0;0;1;1;0;0;0;0;0
36167 clare divide worcester ma 01609 us;address;0;0;0;0;0;0;40;21;6;6;10;24;10;14;0;0;0;0;0;0;0;0;0;0;0
8796 renner walks apt. 127 medford ma 02156 us;address;0;0;0;0;0;0;46;25;9;8;12;25;8;17;0;0;0;0;1;1;0;0;0;0;0
65693 dock underpass suite 933 wilbraham ma 01095 us;address;0;0;0;0;0;0;52;25;8;8;13;31;12;19;0;0;0;0;0;0;0;0;0;0;0
4658 renner isle suite 148 boston ma 02134 us;address;0;0;0;0;0;0;45;21;8;8;12;25;11;14;0;0;0;0;0;0;0;0;0;0;0
2254 schamberger hills dennis ma 02638 us;address;0;0;0;0;0;0;41;22;6;6;9;26;8;18;0;0;0;0;0;0;0;0;0;0;0
510 langosh ridge somerville ma 02145 us;address;0;0;0;0;0;0;40;20;6;6;8;26;10;16;0;0;0;0;0;0;0;0;0;0;0
98376 hal valley suite 754 rutland ma 01543 us;address;0;0;0;0;0;0;46;24;8;8;13;25;10;15;0;0;0;0;0;0;0;0;0;0;0
2851 gibson viaduct shrewsbury ma 01545 us;address;0;0;0;0;0;0;42;25;6;6;9;27;9;18;0;0;0;0;0;0;0;0;0;0;0
6850 yundt plain apt. 247 springfield ma 01119 us;address;0;0;0;0;0;0;49;26;9;8;12;28;9;19;0;0;0;0;1;1;0;0;0;0;0
794 lavinia cliff apt. 847 north andover ma 01845 us;address;0;0;0;0;0;0;52;26;10;9;11;31;12;19;0;0;0;0;1;1;0;0;0;0;0
1411 maxime village suite 108 somerville ma 02143 us;address;0;0;0;0;0;0;52;20;8;8;12;32;15;17;0;0;0;0;0;0;0;0;0;0;1
58131 hammes gateway amesbury town ma 01913 us;address;0;0;0;0;0;0;46;21;7;7;10;29;11;18;0;0;0;0;0;0;0;0;0;0;0
40422 stoltenberg flat canton ma 02021 us;address;0;0;0;0;0;0;41;19;6;6;10;25;8;17;0;0;0;0;0;0;0;0;0;0;0
15477 heller summit suite 714 swansea ma 02777 us;address;0;0;0;0;0;0;49;19;8;8;13;28;12;16;0;0;0;0;0;0;0;0;0;0;0
86838 greenholt land apt. 373 springfield ma 01144 us;address;0;0;0;0;0;0;53;25;9;8;13;31;10;21;0;0;0;0;1;1;0;0;0;0;0
69721 alan ways northampton ma 01062 us;address;0;0;0;0;0;0;39;20;6;6;10;23;8;15;0;0;0;0;0;0;0;0;0;0;0
270 arnaldo meadow uxbridge ma 01569 us;address;0;0;0;0;0;0;39;23;6;6;8;25;11;14;0;0;0;0;0;0;0;0;0;0;1
1668 jeffery valleys templeton ma 01468 us;address;0;0;0;0;0;0;42;21;6;6;9;27;9;18;0;0;0;0;0;0;0;0;0;0;0
65989 jaskolski vista walpole ma 02081 us;address;0;0;0;0;0;0;41;22;6;6;10;25;10;15;0;0;0;0;0;0;0;0;0;0;0
44841 bogisich spurs waltham ma 02454 us;address;0;0;0;0;0;0;40;22;6;6;10;24;8;16;0;0;0;0;0;0;0;0;0;0;0
8039 green shoal scituate ma 02066 us;address;0;0;0;0;0;0;37;21;6;6;9;22;10;12;0;0;0;0;0;0;0;0;0;0;0
53983 ondricka heights apt. 295 uxbridge ma 01569 us;address;0;0;0;0;0;0;52;28;9;8;13;30;11;19;0;0;0;0;1;1;0;0;0;0;1
936 hudson loop brockton ma 02304 us;address;0;0;0;0;0;0;36;22;6;6;8;22;8;14;0;0;0;0;0;0;0;0;0;0;0
6842 howell ports suite 882 malden ma 02148 us;address;0;0;0;0;0;0;46;22;8;8;12;26;10;16;0;0;0;0;0;0;0;0;0;0;0
792 cletus plaza suite 710 boston ma 02129 us;address;0;0;0;0;0;0;45;20;8;8;11;26;11;15;0;0;0;0;0;0;0;0;0;0;0
837 dickinson light boston ma 02131 us;address;0;0;0;0;0;0;38;22;6;6;8;24;8;16;0;0;0;0;0;0;0;0;0;0;0
5699 reynolds overpass apt. 678 waltham ma 02452 us;address;0;0;0;0;0;0;51;26;9;8;12;30;10;20;0;0;0;0;1;1;0;0;0;0;0
659 beier estates hubbardston ma 01452 us;address;0;0;0;0;0;0;41;21;6;6;8;27;11;16;0;0;0;0;0;0;0;0;0;0;0
273 turner drives boston ma 02196 us;address;0;0;0;0;0;0;36;21;6;6;8;22;8;14;0;0;0;0;0;0;0;0;0;0;0
5234 lebsack mission suite 108 new bedford ma 02746 us;address;0;0;0;0;0;0;54;27;9;9;12;33;13;20;0;0;0;0;0;0;0;0;0;0;0
88300 dooley circle apt. 425 ludlow ma 01056 us;address;0;0;0;0;0;0;47;25;9;8;13;25;10;15;0;0;0;0;1;1;0;0;0;0;0
37144 jayme rapid marlborough ma 01752 us;address;0;0;0;0;0;0;41;24;6;6;10;25;10;15;0;0;0;0;0;0;0;0;0;0;0
244 ryan mission ware ma 01082 us;address;0;0;0;0;0;0;33;17;6;6;8;19;8;11;0;0;0;0;0;0;0;0;0;0;0
48496 uriel dale revere ma 02151 us;address;0;0;0;0;0;0;35;19;6;6;10;19;10;9;0;0;0;0;0;0;0;0;0;0;0
1797 botsford forks apt. 176 east longmeadow ma 01028 us;address;0;0;0;0;0;0;56;26;10;9;12;34;12;22;0;0;0;0;1;1;0;0;0;0;0
19331 gregorio river apt. 952 worcester ma 01608 us;address;0;0;0;0;0;0;51;24;9;8;13;29;12;17;0;0;0;0;1;1;0;0;0;0;0
28027 denesik stravenue apt. 661 ware ma 01082 us;address;0;0;0;0;0;0;49;22;9;8;13;27;12;15;0;0;0;0;1;1;0;0;0;0;0
4944 lang spurs apt. 272 westwood ma 02090 us;address;0;0;0;0;0;0;45;21;9;8;12;24;8;16;0;0;0;0;1;1;0;0;0;0;0
4588 rau hill suite 298 dracut ma 01826 us;address;0;0;0;0;0;0;42;21;8;8;12;22;10;12;0;0;0;0;0;0;0;0;0;0;0
4629 wyman ridges westfield ma 01086 us;address;0;0;0;0;0;0;39;23;6;6;9;24;8;16;0;0;0;0;0;0;0;0;0;0;0
599 lizzie hill rockland ma 02370 us;address;0;0;0;0;0;0;36;22;6;6;8;22;8;14;0;0;0;0;0;0;0;0;0;0;0
72011 howell harbor apt. 904 lowell ma 01851 us;address;0;0;0;0;0;0;47;23;9;8;13;25;9;16;0;0;0;0;1;1;0;0;0;0;0
8693 fred crossroad new bedford ma 02746 us;address;0;0;0;0;0;0;43;22;7;7;9;27;9;18;0;0;0;0;0;0;0;0;0;0;0
8128 dustin skyway suite 721 worcester ma 01612 us;address;0;0;0;0;0;0;50;22;8;8;12;30;11;19;0;0;0;0;0;0;0;0;0;0;0
25191 judge ville apt. 402 boston ma 02217 us;address;0;0;0;0;0;0;45;25;9;8;13;23;9;14;0;0;0;0;1;1;0;0;0;0;0
2952 gilbert junctions barnstable town ma 02630 us;address;0;0;0;0;0;0;50;23;7;7;9;34;11;23;0;0;0;0;0;0;0;0;0;0;0
374 mosciski divide milford ma 01757 us;address;0;0;0;0;0;0;39;21;6;6;8;25;10;15;0;0;0;0;0;0;0;0;0;0;0
324 tania avenue suite 818 haverhill ma 01832 us;address;0;0;0;0;0;0;48;19;8;8;11;29;15;14;0;0;0;0;0;0;0;0;0;0;0
2467 ruecker villages apt. 247 peabody ma 01961 us;address;0;0;0;0;0;0;50;27;9;8;12;29;12;17;0;0;0;0;1;1;0;0;0;0;0
6706 sipes junction milford ma 01757 us;address;0;0;0;0;0;0;39;22;6;6;9;24;9;15;0;0;0;0;0;0;0;0;0;0;0
16098 kristopher locks new bedford ma 02741 us;address;0;0;0;0;0;0;46;28;7;7;10;29;9;20;0;0;0;0;0;0;0;0;0;0;0
57100 burley run apt. 883 uxbridge ma 01569 us;address;0;0;0;0;0;0;46;26;9;8;13;24;9;15;0;0;0;0;1;1;0;0;0;0;1
1327 donnie estates west brookfield ma 01585 us;address;0;0;0;0;0;0;47;24;7;7;9;31;13;18;0;0;0;0;0;0;0;0;0;0;0
13911 reba greens apt. 241 everett ma 02149 us;address;0;0;0;0;0;0;46;20;9;8;13;24;10;14;0;0;0;0;1;1;0;0;0;0;0
5084 ike street suite 518 holyoke ma 01040 us;address;0;0;0;0;0;0;45;19;8;8;12;25;12;13;0;0;0;0;0;0;0;0;0;0;0
8934 hartmann road methuen town ma 01844 us;address;0;0;0;0;0;0;43;19;7;7;9;27;10;17;0;0;0;0;0;0;0;0;0;0;0
6410 sawayn club wakefield ma 01880 us;address;0;0;0;0;0;0;38;21;6;6;9;23;9;14;0;0;0;0;0;0;0;0;0;0;0
775 susanna light chelmsford ma 01824 us;address;0;0;0;0;0;0;40;24;6;6;8;26;8;18;0;0;0;0;0;0;0;0;0;0;0
85414 turcotte manor suite 472 wendell ma 01379 us;address;0;0;0;0;0;0;50;24;8;8;13;29;12;17;0;0;0;0;0;0;0;0;0;0;0
32247 damian terrace apt. 674 dedham ma 02026 us;address;0;0;0;0;0;0;48;21;9;8;13;26;11;15;0;0;0;0;1;1;0;0;0;0;0
8670 elisa green suite 879 amherst ma 01003 us;address;0;0;0;0;0;0;46;20;8;8;12;26;12;14;0;0;0;0;0;0;0;0;0;0;0
63308 rupert harbors brockton ma 02302 us;address;0;0;0;0;0;0;41;20;6;6;10;25;8;17;0;0;0;0;0;0;0;0;0;0;0
6951 graham inlet apt. 197 barnstable town ma 02630 us;address;0;0;0;0;0;0;54;26;10;9;12;32;11;21;0;0;0;0;1;1;0;0;0;0;0
92504 cecile port dennis ma 02638 us;address;0;0;0;0;0;0;36;23;6;6;10;20;8;12;0;0;0;0;0;0;0;0;0;0;0
7713 daniel extension uxbridge ma 01569 us;address;0;0;0;0;0;0;42;23;6;6;9;27;12;15;0;0;0;0;0;0;0;0;0;0;2
5134 skye cliffs medford ma 02153 us;address;0;0;0;0;0;0;36;21;6;6;9;21;6;15;0;0;0;0;0;0;0;0;0;0;0
6965 cummings flat apt. 289 quincy ma 02171 us;address;0;0;0;0;0;0;46;24;9;8;12;25;8;17;0;0;0;0;1;1;0;0;0;0;0
85293 king village worcester ma 01605 us;address;0;0;0;0;0;0;40;25;6;6;10;24;9;15;0;0;0;0;0;0;0;0;0;0;0
824 renner valley suite 684 sandwich ma 02563 us;address;0;0;0;0;0;0;48;24;8;8;11;29;11;18;0;0;0;0;0;0;0;0;0;0;0
2137 rosenbaum crossroad suite 876 lynn ma 01905 us;address;0;0;0;0;0;0;51;25;8;8;12;31;12;19;0;0;0;0;0;0;0;0;0;0;0
88304 amari ways lakeville ma 02347 us;address;0;0;0;0;0;0;38;19;6;6;10;22;10;12;0;0;0;0;0;0;0;0;0;0;0
300 gusikowski lodge whitman ma 02382 us;address;0;0;0;0;0;0;40;20;6;6;8;26;10;16;0;0;0;0;0;0;0;0;0;0;0
51790 huel trail suite 669 brockton ma 02305 us;address;0;0;0;0;0;0;47;24;8;8;13;26;11;15;0;0;0;0;0;0;0;0;0;0;0
61122 reichert ranch apt. 318 worcester ma 01604 us;address;0;0;0;0;0;0;51;23;9;8;13;29;10;19;0;0;0;0;1;1;0;0;0;0;0
4229 beatty divide apt. 958 boston ma 02206 us;address;0;0;0;0;0;0;46;23;9;8;12;25;10;15;0;0;0;0;1;1;0;0;0;0;0
99386 goodwin stream apt. 879 attleboro ma 02703 us;address;0;0;0;0;0;0;51;25;9;8;13;29;12;17;0;0;0;0;1;1;0;0;0;0;0
7583 goyette village apt. 696 medford ma 02153 us;address;0;0;0;0;0;0;49;27;9;8;12;28;11;17;0;0;0;0;1;1;0;0;0;0;0
7720 michel mall suite 106 natick ma 01760 us;address;0;0;0;0;0;0;45;18;8;8;12;25;10;15;0;0;0;0;0;0;0;0;0;0;0
9136 mabelle isle apt. 336 boston ma 02119 us;address;0;0;0;0;0;0;45;20;9;8;12;24;10;14;0;0;0;0;1;1;0;0;0;0;0
419 angelo oval cambridge ma 02141 us;address;0;0;0;0;0;0;37;21;6;6;8;23;10;13;0;0;0;0;0;0;0;0;0;0;0
3051 kavon trail melrose ma 02176 us;address;0;0;0;0;0;0;36;21;6;6;9;21;9;12;0;0;0;0;0;0;0;0;0;0;0
87632 legros glen apt. 580 maynard ma 01754 us;address;0;0;0;0;0;0;46;25;9;8;13;24;8;16;0;0;0;0;1;1;0;0;0;0;0
16924 lynch branch milton ma 02186 us;address;0;0;0;0;0;0;37;22;6;6;10;21;5;16;0;0;0;0;0;0;0;0;0;0;0
186 willy well chicopee ma 01021 us;address;0;0;0;0;0;0;35;19;6;6;8;21;8;13;0;0;0;0;0;0;0;0;0;0;0
676 ullrich manor arlington ma 02476 us;address;0;0;0;0;0;0;39;19;6;6;8;25;9;16;0;0;0;0;0;0;0;0;0;0;0
3654 chaz forges suite 567 weston ma 02493 us;address;0;0;0;0;0;0;45;25;8;8;12;25;10;15;0;0;0;0;0;0;0;0;0;0;0
771 muller point apt. 582 auburn ma 01501 us;address;0;0;0;0;0;0;44;21;9;8;11;24;10;14;0;0;0;0;1;1;0;0;0;0;0
33626 lesly hollow apt. 106 marshfield ma 02050 us;address;0;0;0;0;0;0;50;24;9;8;13;28;9;19;0;0;0;0;1;1;0;0;0;0;0
4725 streich causeway west springfield town ma 01090 us;address;0;0;0;0;0;0;55;27;8;8;9;38;13;25;0;0;0;0;0;0;0;0;0;0;0
90882 harmon summit newton ma 02466 us;address;0;0;0;0;0;0;38;19;6;6;10;22;8;14;0;0;0;0;0;0;0;0;0;0;0
89454 armando island apt. 618 charlton ma 01507 us;address;0;0;0;0;0;0;50;24;9;8;13;28;10;18;0;0;0;0;1;1;0;0;0;0;0
74576 bernhard trail suite 432 wayland ma 01778 us;address;0;0;0;0;0;0;50;25;8;8;13;29;11;18;0;0;0;0;0;0;0;0;0;0;0
935 dare harbors auburn ma 01501 us;address;0;0;0;0;0;0;35;17;6;6;8;21;9;12;0;0;0;0;0;0;0;0;0;0;0
3555 ruthe lake suite 630 marshfield ma 02065 us;address;0;0;0;0;0;0;48;19;8;8;12;28;12;16;0;0;0;0;0;0;0;0;0;0;0
562 kutch divide apt. 746 cambridge ma 02142 us;address;0;0;0;0;0;0;47;25;9;8;11;27;10;17;0;0;0;0;1;1;0;0;0;0;0
89822 jacquelyn walks suite 792 boston ma 02241 us;address;0;0;0;0;0;0;50;25;8;8;13;29;11;18;0;0;0;0;0;0;0;0;0;0;0
5602 will islands millbury ma 01527 us;address;0;0;0;0;0;0;38;19;6;6;9;23;7;16;0;0;0;0;0;0;0;0;0;0;0
30532 lois mews bellingham ma 02019 us;address;0;0;0;0;0;0;38;20;6;6;10;22;8;14;0;0;0;0;0;0;0;0;0;0;0
56345 dickens expressway suite 162 dalton ma 01227 us;address;0;0;0;0;0;0;53;27;8;8;13;32;12;20;0;0;0;0;0;0;0;0;0;0;1
5374 nasir dale new bedford ma 02745 us;address;0;0;0;0;0;0;39;21;7;7;9;23;9;14;0;0;0;0;0;0;0;0;0;0;0
497 nicolas expressway suite 559 north attleborough ma 02760 us;address;0;0;0;0;0;0;63;27;9;9;11;43;17;26;0;0;0;0;0;0;0;0;0;0;1
760 sonny mills apt. 491 wellesley ma 02481 us;address;0;0;0;0;0;0;46;23;9;8;11;26;8;18;0;0;0;0;1;1;0;0;0;0;0
76709 bartoletti shores apt. 799 south hadley ma 01075 us;address;0;0;0;0;0;0;57;23;10;9;13;34;13;21;0;0;0;0;1;1;0;0;0;0;0
715 konopelski plains apt. 350 plymouth ma 02362 us;address;0;0;0;0;0;0;51;23;9;8;11;31;11;20;0;0;0;0;1;1;0;0;0;0;0
972 cronin plains boston ma 02115 us;address;0;0;0;0;0;0;36;20;6;6;8;22;8;14;0;0;0;0;0;0;0;0;0;0;0
64111 molly path taunton ma 02783 us;address;0;0;0;0;0;0;36;20;6;6;10;20;7;13;0;0;0;0;0;0;0;0;0;0;0
721 wilfredo wall apt. 796 lynnfield ma 01940 us;address;0;0;0;0;0;0;48;25;9;8;11;28;9;19;0;0;0;0;1;1;0;0;0;0;0
822 raynor skyway sharon ma 02067 us;address;0;0;0;0;0;0;36;17;6;6;8;22;7;15;0;0;0;0;0;0;0;0;0;0;0
11558 mckenzie center apt. 368 salem ma 01970 us;address;0;0;0;0;0;0;48;24;9;8;13;26;10;16;0;0;0;0;1;1;0;0;0;0;0
274 zieme rue rockland ma 02370 us;address;0;0;0;0;0;0;34;20;6;6;8;20;9;11;0;0;0;0;0;0;0;0;0;0;0
868 klocko oval hudson ma 01749 us;address;0;0;0;0;0;0;34;20;6;6;8;20;8;12;0;0;0;0;0;0;0;0;0;0;0
6815 dario shore northborough ma 01532 us;address;0;0;0;0;0;0;41;22;6;6;9;26;11;15;0;0;0;0;0;0;0;0;0;0;0
920 robel isle suite 593 norwell ma 02061 us;address;0;0;0;0;0;0;44;21;8;8;11;25;11;14;0;0;0;0;0;0;0;0;0;0;0
43460 dasia mountains suite 852 southwick ma 01077 us;address;0;0;0;0;0;0;53;24;8;8;13;32;15;17;0;0;0;0;0;0;0;0;0;0;0
94074 greenholt view apt. 914 blackstone ma 01504 us;address;0;0;0;0;0;0;52;27;9;8;13;30;11;19;0;0;0;0;1;1;0;0;0;0;0
57616 reynolds estate apt. 922 watertown town ma 02471 us;address;0;0;0;0;0;0;57;24;10;9;13;34;12;22;0;0;0;0;1;1;0;0;0;0;0
1216 fanny road peabody ma 01960 us;address;0;0;0;0;0;0;35;19;6;6;9;20;8;12;0;0;0;0;0;0;0;0;0;0;0
9924 kitty street suite 347 gardner ma 01440 us;address;0;0;0;0;0;0;47;21;8;8;12;27;10;17;0;0;0;0;0;0;0;0;0;0;0
882 alanis forks wrentham ma 02093 us;address;0;0;0;0;0;0;37;21;6;6;8;23;8;15;0;0;0;0;0;0;0;0;0;0;0
54896 schneider prairie apt. 434 boston ma 02129 us;address;0;0;0;0;0;0;51;26;9;8;13;29;12;17;0;0;0;0;1;1;0;0;0;0;0
60186 stracke village suite 746 lowell ma 01851 us;address;0;0;0;0;0;0;50;23;8;8;13;29;12;17;0;0;0;0;0;0;0;0;0;0;0
5221 schneider causeway suite 675 boston ma 02298 us;address;0;0;0;0;0;0;52;25;8;8;12;32;14;18;0;0;0;0;0;0;0;0;0;0;0
8016 albertha course apt. 688 plymouth ma 02361 us;address;0;0;0;0;0;0;50;22;9;8;12;29;11;18;0;0;0;0;1;1;0;0;0;0;0
62996 erika mountains methuen town ma 01844 us;address;0;0;0;0;0;0;46;21;7;7;10;29;13;16;0;0;0;0;0;0;0;0;0;0;0
61547 tommie mountains suite 298 dartmouth ma 02714 us;address;0;0;0;0;0;0;54;22;8;8;13;33;15;18;0;0;0;0;0;0;0;0;0;0;0
49524 crona lodge suite 475 wellesley ma 02482 us;address;0;0;0;0;0;0;49;24;8;8;13;28;12;16;0;0;0;0;0;0;0;0;0;0;0
68888 kaley manors boston ma 02284 us;address;0;0;0;0;0;0;37;19;6;6;10;21;8;13;0;0;0;0;0;0;0;0;0;0;0
2063 lowe field suite 403 new bedford ma 02741 us;address;0;0;0;0;0;0;49;23;9;9;12;28;12;16;0;0;0;0;0;0;0;0;0;0;0
63847 lindgren orchard cambridge ma 02142 us;address;0;0;0;0;0;0;44;24;6;6;10;28;9;19;0;0;0;0;0;0;0;0;0;0;0
78770 theron inlet salem ma 01971 us;address;0;0;0;0;0;0;36;18;6;6;10;20;8;12;0;0;0;0;0;0;0;0;0;0;0
8758 beatty rue cambridge ma 02138 us;address;0;0;0;0;0;0;37;21;6;6;9;22;9;13;0;0;0;0;0;0;0;0;0;0;0
98830 cruickshank isle brookline ma 02447 us;address;0;0;0;0;0;0;44;22;6;6;10;28;11;17;0;0;0;0;0;0;0;0;0;0;0
619 conn radial suite 195 adams ma 01220 us;address;0;0;0;0;0;0;43;20;8;8;11;24;11;13;0;0;0;0;0;0;0;0;0;0;0
27044 sandrine trace apt. 473 ipswich ma 01938 us;address;0;0;0;0;0;0;49;24;9;8;13;27;10;17;0;0;0;0;1;1;0;0;0;0;0
17491 haleigh freeway apt. 604 mansfield ma 02048 us;address;0;0;0;0;0;0;52;27;9;8;13;30;12;18;0;0;0;0;1;1;0;0;0;0;0
685 bonita tunnel cohasset ma 02025 us;address;0;0;0;0;0;0;38;19;6;6;8;24;10;14;0;0;0;0;0;0;0;0;0;0;0
965 ledner spur weymouth town ma 02189 us;address;0;0;0;0;0;0;41;23;7;7;8;26;9;17;0;0;0;0;0;0;0;0;0;0;0
3478 khalid squares northampton ma 01062 us;address;0;0;0;0;0;0;43;25;6;6;9;28;10;18;0;0;0;0;0;0;0;0;0;0;0
6452 weber burg apt. 320 fall river ma 02722 us;address;0;0;0;0;0;0;47;24;10;9;12;25;9;16;0;0;0;0;1;1;0;0;0;0;0
47118 marvin flat methuen town ma 01844 us;address;0;0;0;0;0;0;42;21;7;7;10;25;9;16;0;0;0;0;0;0;0;0;0;0;0
296 braun ridge suite 358 sherborn ma 01770 us;address;0;0;0;0;0;0;46;24;8;8;11;27;11;16;0;0;0;0;0;0;0;0;0;0;0
71058 zion views apt. 292 acton ma 01719 us;address;0;0;0;0;0;0;43;23;9;8;13;21;9;12;0;0;0;0;1;1;0;0;0;0;0
17231 runolfsdottir motorway apt. 723 boston ma 02122 us;address;0;0;0;0;0;0;56;23;9;8;13;34;12;22;0;0;0;0;1;1;0;0;0;0;0
74170 ferry oval rehoboth ma 02769 us;address;0;0;0;0;0;0;37;22;6;6;10;21;8;13;0;0;0;0;0;0;0;0;0;0;0
954 norbert bridge chicopee ma 01020 us;address;0;0;0;0;0;0;39;23;6;6;8;25;10;15;0;0;0;0;0;0;0;0;0;0;0
346 breana prairie hubbardston ma 01452 us;address;0;0;0;0;0;0;42;22;6;6;8;28;12;16;0;0;0;0;0;0;0;0;0;0;0
6093 antoinette pike suite 856 boston ma 02130 us;address;0;0;0;0;0;0;49;21;8;8;12;29;14;15;0;0;0;0;0;0;0;0;0;0;0
4167 o'hara dale suite 776 somerville ma 02144 us;address;0;0;0;0;0;0;49;21;9;8;12;28;14;14;0;0;0;0;0;0;0;0;0;0;0
8801 jacobson bridge suite 354 brockton ma 02303 us;address;0;0;0;0;0;0;51;24;8;8;12;31;12;19;0;0;0;0;0;0;0;0;0;0;0
20787 ryan overpass suite 462 newburyport ma 01951 us;address;0;0;0;0;0;0;53;25;8;8;13;32;12;20;0;0;0;0;0;0;0;0;0;0;0
7453 becker gateway suite 503 new bedford ma 02741 us;address;0;0;0;0;0;0;53;26;9;9;12;32;13;19;0;0;0;0;0;0;0;0;0;0;0
323 hoppe point boston ma 02129 us;address;0;0;0;0;0;0;34;18;6;6;8;20;8;12;0;0;0;0;0;0;0;0;0;0;0
14250 elfrieda junctions apt. 389 boston ma 02110 us;address;0;0;0;0;0;0;52;27;9;8;13;30;12;18;0;0;0;0;1;1;0;0;0;0;0
593 pfannerstill points apt. 196 marlborough ma 01752 us;address;0;0;0;0;0;0;56;26;9;8;11;36;12;24;0;0;0;0;1;1;0;0;0;0;0
47609 renner shores apt. 486 hudson ma 01749 us;address;0;0;0;0;0;0;47;21;9;8;13;25;9;16;0;0;0;0;1;1;0;0;0;0;0
8863 rafael turnpike northbridge ma 01534 us;address;0;0;0;0;0;0;44;26;6;6;9;29;11;18;0;0;0;0;0;0;0;0;0;0;0
81648 stroman station suite 581 freetown ma 02717 us;address;0;0;0;0;0;0;52;21;8;8;13;31;13;18;0;0;0;0;0;0;0;0;0;0;0
835 murray passage suite 594 quincy ma 02171 us;address;0;0;0;0;0;0;47;24;8;8;11;28;12;16;0;0;0;0;0;0;0;0;0;0;0
989 hosea green apt. 285 needham ma 02494 us;address;0;0;0;0;0;0;44;21;9;8;11;24;11;13;0;0;0;0;1;1;0;0;0;0;0
50477 diamond roads suite 569 belchertown ma 01007 us;address;0;0;0;0;0;0;53;24;8;8;13;32;13;19;0;0;0;0;0;0;0;0;0;0;0
2280 patience plains suite 426 springfield ma 01128 us;address;0;0;0;0;0;0;54;22;8;8;12;34;14;20;0;0;0;0;0;0;0;0;0;0;0
321 daniel fork suite 626 fall river ma 02723 us;address;0;0;0;0;0;0;48;22;9;9;11;28;12;16;0;0;0;0;0;0;0;0;0;0;0
13771 marvin road lynn ma 01903 us;address;0;0;0;0;0;0;34;18;6;6;10;18;6;12;0;0;0;0;0;0;0;0;0;0;0
17454 stone crescent saugus ma 01906 us;address;0;0;0;0;0;0;39;19;6;6;10;23;9;14;0;0;0;0;0;0;0;0;0;0;0
69426 hyman valleys lowell ma 01852 us;address;0;0;0;0;0;0;38;21;6;6;10;22;7;15;0;0;0;0;0;0;0;0;0;0;0
71970 kub trace apt. 499 pembroke ma 02359 us;address;0;0;0;0;0;0;45;22;9;8;13;23;9;14;0;0;0;0;1;1;0;0;0;0;0
196 nicolas isle worcester ma 01607 us;address;0;0;0;0;0;0;38;19;6;6;8;24;10;14;0;0;0;0;0;0;0;0;0;0;0
77290 gottlieb views boxford ma 01921 us;address;0;0;0;0;0;0;40;23;6;6;10;24;9;15;0;0;0;0;0;0;0;0;0;0;1
4295 hilpert crescent suite 263 peabody ma 01960 us;address;0;0;0;0;0;0;51;26;8;8;12;31;12;19;0;0;0;0;0;0;0;0;0;0;0
2323 herzog motorway suite 717 fall river ma 02723 us;address;0;0;0;0;0;0;53;23;9;9;12;32;13;19;0;0;0;0;0;0;0;0;0;0;0
